100
6543
39088
2736
44437
4593
70958
9406
9338
8529
95968
7586
35342
28627
7783
12207
4269
11659
5527
59557
34008
2396
1154
1051
5531
6824
61717
8897
41139
7332
9392
59325
6302
6123
61242
5093
99107
1052
16599
48615
2725
73152
90463
60049
9407
61787
71406
7646
9247
58588
7683
4604
2356
1334
3459
2511
44052
3103
2649
19274
2437
21922
46103
6777
5298
82815
1829
1971
8846
65698
3033
16761
51156
74406
3471
7878
16467
3473
7832
5238
97634
89048
6063
33768
1869
39006
98776
8285
43563
47904
5635
9136
73411
4894
9814
75448
8925
5202
3972
45171
15206
