depth = 1
 1 1 1 1 1 1 1 1 
  1 1 1 1 1 1 1 
   1 1 1 1 1 1 
    1 1 1 1 1 
     1 1 1 1 
      1 1 1 
       1 0 
        1 
       2 2 
      2 2 2 
     2 2 2 2 
    2 2 2 2 2 
   2 2 2 2 2 2 
  2 2 2 2 2 2 2 
 2 2 2 2 2 2 2 2 

depth = 2
 1 1 1 1 1 1 1 1 
  1 1 1 1 1 1 1 
   1 1 1 1 1 1 
    1 1 1 1 1 
     1 1 1 1 
      1 1 1 
       1 2 
        1 
       0 2 
      2 2 2 
     2 2 2 2 
    2 2 2 2 2 
   2 2 2 2 2 2 
  2 2 2 2 2 2 2 
 2 2 2 2 2 2 2 2 

depth = 3
 1 1 1 1 1 1 1 1 
  1 1 1 1 1 1 1 
   1 1 1 1 1 1 
    1 1 1 1 1 
     1 1 1 1 
      1 1 1 
       1 2 
        0 
       1 2 
      2 2 2 
     2 2 2 2 
    2 2 2 2 2 
   2 2 2 2 2 2 
  2 2 2 2 2 2 2 
 2 2 2 2 2 2 2 2 

depth = 4
 1 1 1 1 1 1 1 1 
  1 1 1 1 1 1 1 
   1 1 1 1 1 1 
    1 1 1 1 1 
     1 1 1 1 
      1 1 0 
       1 2 
        1 
       1 2 
      2 2 2 
     2 2 2 2 
    2 2 2 2 2 
   2 2 2 2 2 2 
  2 2 2 2 2 2 2 
 2 2 2 2 2 2 2 2 

depth = 5
 1 1 1 1 1 1 1 1 
  1 1 1 1 1 1 1 
   1 1 1 1 1 1 
    1 1 1 1 1 
     1 1 1 0 
      1 1 1 
       1 2 
        1 
       1 2 
      2 2 2 
     2 2 2 2 
    2 2 2 2 2 
   2 2 2 2 2 2 
  2 2 2 2 2 2 2 
 2 2 2 2 2 2 2 2 

depth = 6
 1 1 1 1 1 1 1 1 
  1 1 1 1 1 1 1 
   1 1 1 1 1 1 
    1 1 1 1 1 
     1 1 1 2 
      1 1 1 
       1 0 
        1 
       1 2 
      2 2 2 
     2 2 2 2 
    2 2 2 2 2 
   2 2 2 2 2 2 
  2 2 2 2 2 2 2 
 2 2 2 2 2 2 2 2 

depth = 7
 1 1 1 1 1 1 1 1 
  1 1 1 1 1 1 1 
   1 1 1 1 1 1 
    1 1 1 1 1 
     1 1 1 2 
      1 1 0 
       1 1 
        1 
       1 2 
      2 2 2 
     2 2 2 2 
    2 2 2 2 2 
   2 2 2 2 2 2 
  2 2 2 2 2 2 2 
 2 2 2 2 2 2 2 2 

depth = 8
 1 1 1 1 1 1 1 1 
  1 1 1 1 1 1 1 
   1 1 1 1 1 1 
    1 1 1 1 0 
     1 1 1 2 
      1 1 1 
       1 1 
        1 
       1 2 
      2 2 2 
     2 2 2 2 
    2 2 2 2 2 
   2 2 2 2 2 2 
  2 2 2 2 2 2 2 
 2 2 2 2 2 2 2 2 

depth = 9
 1 1 1 1 1 1 1 1 
  1 1 1 1 1 1 1 
   1 1 1 1 1 0 
    1 1 1 1 1 
     1 1 1 2 
      1 1 1 
       1 1 
        1 
       1 2 
      2 2 2 
     2 2 2 2 
    2 2 2 2 2 
   2 2 2 2 2 2 
  2 2 2 2 2 2 2 
 2 2 2 2 2 2 2 2 

depth = 10
 1 1 1 1 1 1 1 1 
  1 1 1 1 1 1 1 
   1 1 1 1 1 2 
    1 1 1 1 1 
     1 1 1 0 
      1 1 1 
       1 1 
        1 
       1 2 
      2 2 2 
     2 2 2 2 
    2 2 2 2 2 
   2 2 2 2 2 2 
  2 2 2 2 2 2 2 
 2 2 2 2 2 2 2 2 

depth = 11
 1 1 1 1 1 1 1 1 
  1 1 1 1 1 1 1 
   1 1 1 1 1 2 
    1 1 1 1 0 
     1 1 1 1 
      1 1 1 
       1 1 
        1 
       1 2 
      2 2 2 
     2 2 2 2 
    2 2 2 2 2 
   2 2 2 2 2 2 
  2 2 2 2 2 2 2 
 2 2 2 2 2 2 2 2 

depth = 12
 1 1 1 1 1 1 1 1 
  1 1 1 1 1 1 0 
   1 1 1 1 1 2 
    1 1 1 1 1 
     1 1 1 1 
      1 1 1 
       1 1 
        1 
       1 2 
      2 2 2 
     2 2 2 2 
    2 2 2 2 2 
   2 2 2 2 2 2 
  2 2 2 2 2 2 2 
 2 2 2 2 2 2 2 2 

depth = 13
 1 1 1 1 1 1 1 0 
  1 1 1 1 1 1 1 
   1 1 1 1 1 2 
    1 1 1 1 1 
     1 1 1 1 
      1 1 1 
       1 1 
        1 
       1 2 
      2 2 2 
     2 2 2 2 
    2 2 2 2 2 
   2 2 2 2 2 2 
  2 2 2 2 2 2 2 
 2 2 2 2 2 2 2 2 

depth = 14
 1 1 1 1 1 1 1 2 
  1 1 1 1 1 1 1 
   1 1 1 1 1 0 
    1 1 1 1 1 
     1 1 1 1 
      1 1 1 
       1 1 
        1 
       1 2 
      2 2 2 
     2 2 2 2 
    2 2 2 2 2 
   2 2 2 2 2 2 
  2 2 2 2 2 2 2 
 2 2 2 2 2 2 2 2 

depth = 15
 1 1 1 1 1 1 1 2 
  1 1 1 1 1 1 0 
   1 1 1 1 1 1 
    1 1 1 1 1 
     1 1 1 1 
      1 1 1 
       1 1 
        1 
       1 2 
      2 2 2 
     2 2 2 2 
    2 2 2 2 2 
   2 2 2 2 2 2 
  2 2 2 2 2 2 2 
 2 2 2 2 2 2 2 2 

depth = 16
 1 1 1 1 1 1 0 2 
  1 1 1 1 1 1 1 
   1 1 1 1 1 1 
    1 1 1 1 1 
     1 1 1 1 
      1 1 1 
       1 1 
        1 
       1 2 
      2 2 2 
     2 2 2 2 
    2 2 2 2 2 
   2 2 2 2 2 2 
  2 2 2 2 2 2 2 
 2 2 2 2 2 2 2 2 

depth = 17
 1 1 1 1 1 1 2 0 
  1 1 1 1 1 1 1 
   1 1 1 1 1 1 
    1 1 1 1 1 
     1 1 1 1 
      1 1 1 
       1 1 
        1 
       1 2 
      2 2 2 
     2 2 2 2 
    2 2 2 2 2 
   2 2 2 2 2 2 
  2 2 2 2 2 2 2 
 2 2 2 2 2 2 2 2 

depth = 18
 1 1 1 1 1 0 2 1 
  1 1 1 1 1 1 1 
   1 1 1 1 1 1 
    1 1 1 1 1 
     1 1 1 1 
      1 1 1 
       1 1 
        1 
       1 2 
      2 2 2 
     2 2 2 2 
    2 2 2 2 2 
   2 2 2 2 2 2 
  2 2 2 2 2 2 2 
 2 2 2 2 2 2 2 2 

depth = 19
 1 1 1 1 1 1 0 2 
  1 1 1 1 1 1 1 
   1 1 1 1 1 1 
    1 1 1 1 1 
     1 1 1 1 
      1 1 1 
       2 1 
        1 
       1 1 
      2 2 2 
     2 2 2 2 
    2 2 2 2 2 
   2 2 2 2 2 2 
  2 2 2 2 2 2 2 
 2 2 2 2 2 2 2 2 

depth = 20
 1 1 1 1 1 1 2 0 
  1 1 1 1 1 1 1 
   1 1 1 1 1 1 
    1 1 1 1 1 
     1 1 1 1 
      1 1 1 
       2 1 
        1 
       1 1 
      2 2 2 
     2 2 2 2 
    2 2 2 2 2 
   2 2 2 2 2 2 
  2 2 2 2 2 2 2 
 2 2 2 2 2 2 2 2 

depth = 21
 1 1 1 1 1 0 2 1 
  1 1 1 1 1 1 1 
   1 1 1 1 1 1 
    1 1 1 1 1 
     1 1 1 1 
      1 1 1 
       2 1 
        1 
       1 1 
      2 2 2 
     2 2 2 2 
    2 2 2 2 2 
   2 2 2 2 2 2 
  2 2 2 2 2 2 2 
 2 2 2 2 2 2 2 2 

depth = 22
 1 1 1 1 1 0 2 1 
  1 1 1 1 1 1 1 
   1 1 1 1 1 1 
    1 1 1 1 1 
     1 1 1 2 
      1 1 1 
       1 1 
        1 
       1 1 
      2 2 2 
     2 2 2 2 
    2 2 2 2 2 
   2 2 2 2 2 2 
  2 2 2 2 2 2 2 
 2 2 2 2 2 2 2 2 

depth = 23
 1 1 1 1 1 2 0 1 
  1 1 1 1 1 1 1 
   1 1 1 1 1 1 
    1 1 1 1 1 
     1 1 1 2 
      1 1 1 
       1 1 
        1 
       1 1 
      2 2 2 
     2 2 2 2 
    2 2 2 2 2 
   2 2 2 2 2 2 
  2 2 2 2 2 2 2 
 2 2 2 2 2 2 2 2 

depth = 24
 1 1 1 1 1 2 1 1 
  1 1 1 1 0 1 1 
   1 1 1 1 2 1 
    1 1 1 1 1 
     1 1 1 1 
      1 1 1 
       1 1 
        1 
       1 1 
      2 2 2 
     2 2 2 2 
    2 2 2 2 2 
   2 2 2 2 2 2 
  2 2 2 2 2 2 2 
 2 2 2 2 2 2 2 2 

depth = 25
 1 1 1 1 0 2 1 1 
  1 1 1 1 1 1 1 
   1 1 1 1 2 1 
    1 1 1 1 1 
     1 1 1 1 
      1 1 1 
       1 1 
        1 
       1 1 
      2 2 2 
     2 2 2 2 
    2 2 2 2 2 
   2 2 2 2 2 2 
  2 2 2 2 2 2 2 
 2 2 2 2 2 2 2 2 

depth = 26
 1 1 1 1 2 2 1 1 
  1 1 1 1 1 1 1 
   1 1 1 1 0 1 
    1 1 1 1 1 
     1 1 1 1 
      1 1 1 
       1 1 
        1 
       1 1 
      2 2 2 
     2 2 2 2 
    2 2 2 2 2 
   2 2 2 2 2 2 
  2 2 2 2 2 2 2 
 2 2 2 2 2 2 2 2 

depth = 27
 1 1 1 1 2 2 1 1 
  1 1 1 1 1 0 1 
   1 1 1 1 1 1 
    1 1 1 1 1 
     1 1 1 1 
      1 1 1 
       1 1 
        1 
       1 1 
      2 2 2 
     2 2 2 2 
    2 2 2 2 2 
   2 2 2 2 2 2 
  2 2 2 2 2 2 2 
 2 2 2 2 2 2 2 2 

depth = 28
 1 1 1 1 2 2 0 1 
  1 1 1 1 1 1 1 
   1 1 1 1 1 1 
    1 1 1 1 1 
     1 1 1 1 
      1 1 1 
       1 1 
        1 
       1 1 
      2 2 2 
     2 2 2 2 
    2 2 2 2 2 
   2 2 2 2 2 2 
  2 2 2 2 2 2 2 
 2 2 2 2 2 2 2 2 

depth = 29
 1 1 1 1 0 2 2 1 
  1 1 1 1 1 1 1 
   1 1 1 1 1 1 
    1 1 1 1 1 
     1 1 1 1 
      1 1 1 
       1 1 
        1 
       1 1 
      2 2 2 
     2 2 2 2 
    2 2 2 2 2 
   2 2 2 2 2 2 
  2 2 2 2 2 2 2 
 2 2 2 2 2 2 2 2 

depth = 30
 1 1 1 1 2 0 2 1 
  1 1 1 1 1 1 1 
   1 1 1 1 1 1 
    1 1 1 1 1 
     1 1 1 1 
      1 1 1 
       1 1 
        1 
       1 1 
      2 2 2 
     2 2 2 2 
    2 2 2 2 2 
   2 2 2 2 2 2 
  2 2 2 2 2 2 2 
 2 2 2 2 2 2 2 2 

depth = 31
 1 1 1 1 1 1 1 1 
  1 1 1 1 1 1 1 
   1 1 1 1 1 1 
    1 1 1 1 1 
     1 1 1 1 
      1 1 1 
       2 2 
        2 
       2 2 
      2 2 2 
     2 2 2 2 
    2 2 2 2 2 
   2 2 2 2 2 2 
  2 2 2 1 2 2 2 
 2 2 2 1 2 2 0 2 

depth = 32
 1 1 1 1 1 1 1 1 
  1 1 1 1 1 1 1 
   1 1 1 1 1 1 
    1 1 1 1 1 
     1 1 1 1 
      1 1 1 
       2 2 
        2 
       2 2 
      2 2 2 
     2 2 2 2 
    2 2 2 2 2 
   2 2 2 2 2 2 
  2 2 2 2 2 2 2 
 2 2 2 1 1 2 0 2 

depth = 33
 1 1 1 1 1 1 1 1 
  1 1 1 1 1 1 1 
   1 1 1 1 1 1 
    1 1 1 1 1 
     1 1 2 2 
      1 1 1 
       2 1 
        1 
       2 2 
      2 2 2 
     2 2 2 2 
    2 2 2 2 2 
   2 2 2 2 2 2 
  2 2 1 2 2 2 2 
 2 2 1 0 2 2 2 2 

depth = 34
 1 1 1 1 1 1 1 1 
  1 1 1 1 1 1 1 
   1 1 1 1 1 1 
    1 1 1 1 1 
     1 1 2 2 
      1 1 1 
       2 1 
        1 
       2 2 
      2 2 2 
     2 2 2 2 
    2 2 2 2 2 
   2 2 2 2 2 2 
  2 2 0 2 2 2 2 
 2 2 1 1 2 2 2 2 

depth = 35
 1 1 1 1 1 1 1 1 
  1 1 1 1 1 1 1 
   1 1 1 1 1 1 
    1 1 1 1 1 
     1 1 2 2 
      1 1 1 
       2 1 
        1 
       2 2 
      2 2 2 
     2 2 2 2 
    2 2 2 2 2 
   2 2 2 2 2 2 
  2 2 2 2 2 2 2 
 2 0 1 1 2 2 2 2 

depth = 36
 1 1 1 1 1 1 1 1 
  1 1 1 1 1 1 1 
   1 1 1 1 1 1 
    1 1 1 1 1 
     1 1 2 2 
      1 1 1 
       2 1 
        1 
       2 2 
      2 2 2 
     2 2 2 2 
    2 2 2 2 2 
   2 2 2 2 2 2 
  2 2 2 2 2 2 2 
 2 0 2 1 1 2 2 2 

depth = 37
 1 1 1 1 1 1 1 1 
  1 1 1 1 1 1 1 
   1 1 1 1 1 1 
    1 1 1 1 1 
     1 1 2 2 
      1 1 1 
       2 1 
        1 
       2 2 
      2 2 2 
     2 2 2 2 
    2 2 2 2 2 
   2 2 2 2 2 2 
  2 2 2 2 2 2 2 
 2 2 1 0 1 2 2 2 

depth = 38
 1 1 1 1 1 1 1 1 
  1 1 1 1 1 1 1 
   1 1 1 1 1 1 
    1 1 1 1 1 
     1 1 2 2 
      1 1 1 
       2 1 
        1 
       2 2 
      2 2 2 
     2 2 2 2 
    2 2 2 2 2 
   2 2 2 2 2 2 
  2 2 2 2 2 2 2 
 2 2 2 1 1 0 2 2 

depth = 39
 1 1 1 1 2 2 1 1 
  1 1 1 1 1 1 1 
   1 1 1 1 0 1 
    1 1 1 1 1 
     1 1 2 1 
      1 1 1 
       2 1 
        1 
       1 1 
      2 1 2 
     2 1 2 2 
    2 2 2 2 2 
   2 2 2 2 2 2 
  2 2 2 2 2 2 2 
 2 2 2 2 2 2 2 2 

depth = 40
 1 1 1 1 2 2 1 1 
  1 1 1 1 1 1 1 
   1 1 1 1 2 1 
    1 1 1 1 1 
     1 1 0 1 
      1 1 1 
       2 1 
        1 
       1 1 
      2 1 2 
     2 1 2 2 
    2 2 2 2 2 
   2 2 2 2 2 2 
  2 2 2 2 2 2 2 
 2 2 2 2 2 2 2 2 

depth = 41
 1 1 1 1 2 2 1 1 
  1 1 1 1 1 1 1 
   1 1 1 1 2 1 
    1 1 1 1 1 
     1 1 2 1 
      1 1 1 
       0 1 
        1 
       1 1 
      2 1 2 
     2 1 2 2 
    2 2 2 2 2 
   2 2 2 2 2 2 
  2 2 2 2 2 2 2 
 2 2 2 2 2 2 2 2 

depth = 42
 1 1 1 1 2 2 1 1 
  1 1 1 1 1 1 1 
   1 1 1 1 2 1 
    1 1 1 1 1 
     1 1 2 1 
      1 0 1 
       1 1 
        1 
       1 1 
      2 1 2 
     2 1 2 2 
    2 2 2 2 2 
   2 2 2 2 2 2 
  2 2 2 2 2 2 2 
 2 2 2 2 2 2 2 2 

depth = 43
 1 1 1 1 2 2 1 1 
  1 1 1 1 1 1 1 
   1 1 1 1 2 1 
    1 1 1 0 1 
     1 1 2 1 
      1 1 1 
       1 1 
        1 
       1 1 
      2 1 2 
     2 1 2 2 
    2 2 2 2 2 
   2 2 2 2 2 2 
  2 2 2 2 2 2 2 
 2 2 2 2 2 2 2 2 

depth = 44
 1 1 1 1 2 2 1 1 
  1 1 1 1 1 0 1 
   1 1 1 1 2 1 
    1 1 1 1 1 
     1 1 2 1 
      1 1 1 
       1 1 
        1 
       1 1 
      2 1 2 
     2 1 2 2 
    2 2 2 2 2 
   2 2 2 2 2 2 
  2 2 2 2 2 2 2 
 2 2 2 2 2 2 2 2 

depth = 45
 1 1 1 1 2 2 0 1 
  1 1 1 1 1 1 1 
   1 1 1 1 2 1 
    1 1 1 1 1 
     1 1 2 1 
      1 1 1 
       1 1 
        1 
       1 1 
      2 1 2 
     2 1 2 2 
    2 2 2 2 2 
   2 2 2 2 2 2 
  2 2 2 2 2 2 2 
 2 2 2 2 2 2 2 2 

depth = 46
 1 1 1 1 2 2 2 1 
  1 1 1 1 1 1 1 
   1 1 1 1 0 1 
    1 1 1 1 1 
     1 1 2 1 
      1 1 1 
       1 1 
        1 
       1 1 
      2 1 2 
     2 1 2 2 
    2 2 2 2 2 
   2 2 2 2 2 2 
  2 2 2 2 2 2 2 
 2 2 2 2 2 2 2 2 

depth = 47
 1 1 1 1 2 2 2 1 
  1 1 1 1 1 1 1 
   1 1 1 1 2 1 
    1 1 1 1 1 
     1 1 0 1 
      1 1 1 
       1 1 
        1 
       1 1 
      2 1 2 
     2 1 2 2 
    2 2 2 2 2 
   2 2 2 2 2 2 
  2 2 2 2 2 2 2 
 2 2 2 2 2 2 2 2 

depth = 48
 1 1 1 1 2 2 2 1 
  1 1 1 1 1 1 1 
   1 1 1 1 2 1 
    1 1 1 0 1 
     1 1 1 1 
      1 1 1 
       1 1 
        1 
       1 1 
      2 1 2 
     2 1 2 2 
    2 2 2 2 2 
   2 2 2 2 2 2 
  2 2 2 2 2 2 2 
 2 2 2 2 2 2 2 2 

depth = 49
 1 1 1 1 2 2 2 1 
  1 1 1 1 1 0 1 
   1 1 1 1 2 1 
    1 1 1 1 1 
     1 1 1 1 
      1 1 1 
       1 1 
        1 
       1 1 
      2 1 2 
     2 1 2 2 
    2 2 2 2 2 
   2 2 2 2 2 2 
  2 2 2 2 2 2 2 
 2 2 2 2 2 2 2 2 

depth = 50
 1 1 1 1 2 2 2 1 
  1 1 1 1 1 2 1 
   1 1 1 1 0 1 
    1 1 1 1 1 
     1 1 1 1 
      1 1 1 
       1 1 
        1 
       1 1 
      2 1 2 
     2 1 2 2 
    2 2 2 2 2 
   2 2 2 2 2 2 
  2 2 2 2 2 2 2 
 2 2 2 2 2 2 2 2 

depth = 51
 1 1 1 1 2 2 2 1 
  1 1 1 1 0 2 1 
   1 1 1 1 1 1 
    1 1 1 1 1 
     1 1 1 1 
      1 1 1 
       1 1 
        1 
       1 1 
      2 1 2 
     2 1 2 2 
    2 2 2 2 2 
   2 2 2 2 2 2 
  2 2 2 2 2 2 2 
 2 2 2 2 2 2 2 2 

depth = 52
 1 1 1 1 2 2 2 1 
  1 1 1 1 2 0 1 
   1 1 1 1 1 1 
    1 1 1 1 1 
     1 1 1 1 
      1 1 1 
       1 1 
        1 
       1 1 
      2 1 2 
     2 1 2 2 
    2 2 2 2 2 
   2 2 2 2 2 2 
  2 2 2 2 2 2 2 
 2 2 2 2 2 2 2 2 

depth = 53
 1 1 1 0 2 2 1 1 
  1 1 1 1 2 2 1 
   1 1 1 1 1 1 
    1 1 1 1 1 
     1 1 1 1 
      1 1 1 
       1 1 
        1 
       1 1 
      2 1 2 
     2 1 2 2 
    2 2 2 2 2 
   2 2 2 2 2 2 
  2 2 2 2 2 2 2 
 2 2 2 2 2 2 2 2 

depth = 54
 1 1 1 0 2 2 2 1 
  1 1 1 1 2 1 1 
   1 1 1 1 1 1 
    1 1 1 1 1 
     1 1 1 1 
      1 1 1 
       1 1 
        1 
       1 1 
      2 1 2 
     2 1 2 2 
    2 2 2 2 2 
   2 2 2 2 2 2 
  2 2 2 2 2 2 2 
 2 2 2 2 2 2 2 2 

depth = 55
 1 1 2 1 2 2 0 1 
  1 1 1 1 2 1 1 
   1 1 1 1 1 1 
    1 1 1 1 1 
     1 1 1 1 
      1 1 1 
       1 1 
        1 
       1 1 
      2 1 2 
     2 1 2 2 
    2 2 2 2 2 
   2 2 2 2 2 2 
  2 2 2 2 2 2 2 
 2 2 2 2 2 2 2 2 

depth = 56
 1 1 2 0 2 2 1 1 
  1 1 1 1 2 1 1 
   1 1 1 1 1 1 
    1 1 1 1 1 
     1 1 1 1 
      1 1 1 
       1 1 
        1 
       1 1 
      2 1 2 
     2 1 2 2 
    2 2 2 2 2 
   2 2 2 2 2 2 
  2 2 2 2 2 2 2 
 2 2 2 2 2 2 2 2 

depth = 57
 1 0 2 1 2 2 2 1 
  1 1 1 1 1 1 1 
   1 1 1 1 1 1 
    1 1 1 1 1 
     1 1 1 1 
      1 1 1 
       1 1 
        1 
       1 1 
      2 1 2 
     2 1 2 2 
    2 2 2 2 2 
   2 2 2 2 2 2 
  2 2 2 2 2 2 2 
 2 2 2 2 2 2 2 2 

depth = 58
 1 0 2 2 2 2 1 1 
  1 1 1 1 1 1 1 
   1 1 1 1 1 1 
    1 1 1 1 1 
     1 1 1 1 
      1 1 1 
       1 1 
        1 
       1 1 
      2 1 2 
     2 1 2 2 
    2 2 2 2 2 
   2 2 2 2 2 2 
  2 2 2 2 2 2 2 
 2 2 2 2 2 2 2 2 

depth = 59
 1 1 1 1 2 2 2 1 
  1 1 1 1 1 2 1 
   1 1 1 1 0 1 
    1 1 1 1 1 
     1 1 1 1 
      1 1 1 
       1 1 
        2 
       1 2 
      2 1 2 
     2 1 2 2 
    2 1 1 2 2 
   2 2 2 2 2 2 
  2 2 2 2 2 2 2 
 2 2 2 2 2 2 2 2 

depth = 60
 1 1 1 1 2 2 2 1 
  1 1 1 1 0 2 1 
   1 1 1 1 1 1 
    1 1 1 1 1 
     1 1 1 1 
      1 1 1 
       1 1 
        2 
       1 2 
      2 1 2 
     2 1 2 2 
    2 1 1 2 2 
   2 2 2 2 2 2 
  2 2 2 2 2 2 2 
 2 2 2 2 2 2 2 2 

depth = 61
 1 1 1 1 2 2 2 1 
  1 1 1 1 2 0 1 
   1 1 1 1 1 1 
    1 1 1 1 1 
     1 1 1 1 
      1 1 1 
       1 1 
        2 
       1 2 
      2 1 2 
     2 1 2 2 
    2 1 1 2 2 
   2 2 2 2 2 2 
  2 2 2 2 2 2 2 
 2 2 2 2 2 2 2 2 

depth = 62
 1 1 1 0 2 2 1 1 
  1 1 1 1 2 2 1 
   1 1 1 1 1 1 
    1 1 1 1 1 
     1 1 1 1 
      1 1 1 
       1 1 
        2 
       1 2 
      2 1 2 
     2 1 2 2 
    2 1 1 2 2 
   2 2 2 2 2 2 
  2 2 2 2 2 2 2 
 2 2 2 2 2 2 2 2 

depth = 63
 1 1 1 0 2 2 2 1 
  1 1 1 1 2 1 1 
   1 1 1 1 1 1 
    1 1 1 1 1 
     1 1 1 1 
      1 1 1 
       1 1 
        2 
       1 2 
      2 1 2 
     2 1 2 2 
    2 1 1 2 2 
   2 2 2 2 2 2 
  2 2 2 2 2 2 2 
 2 2 2 2 2 2 2 2 

depth = 64
 1 1 1 1 2 2 1 1 
  1 1 1 1 0 1 1 
   1 1 1 1 2 1 
    1 1 2 1 1 
     1 1 2 1 
      2 1 1 
       1 1 
        1 
       1 2 
      1 1 2 
     2 1 2 2 
    2 1 1 2 2 
   2 2 2 2 2 2 
  2 2 2 2 2 2 2 
 2 2 2 2 2 2 2 2 

depth = 65
 1 1 1 1 2 2 1 1 
  1 1 1 1 2 1 1 
   1 1 1 1 2 1 
    1 1 0 1 1 
     1 1 2 1 
      2 1 1 
       1 1 
        1 
       1 2 
      1 1 2 
     2 1 2 2 
    2 1 1 2 2 
   2 2 2 2 2 2 
  2 2 2 2 2 2 2 
 2 2 2 2 2 2 2 2 

depth = 66
 1 1 1 1 2 2 1 1 
  1 1 1 1 2 1 1 
   1 1 1 1 2 1 
    1 1 2 1 1 
     1 1 2 1 
      0 1 1 
       1 1 
        1 
       1 2 
      1 1 2 
     2 1 2 2 
    2 1 1 2 2 
   2 2 2 2 2 2 
  2 2 2 2 2 2 2 
 2 2 2 2 2 2 2 2 

depth = 67
 1 1 1 1 2 2 1 1 
  1 1 1 1 2 1 1 
   1 1 1 1 2 1 
    1 1 2 1 1 
     1 0 2 1 
      1 1 1 
       1 1 
        1 
       1 2 
      1 1 2 
     2 1 2 2 
    2 1 1 2 2 
   2 2 2 2 2 2 
  2 2 2 2 2 2 2 
 2 2 2 2 2 2 2 2 

depth = 68
 1 1 1 1 2 2 1 1 
  1 1 1 1 2 1 1 
   1 1 1 0 2 1 
    1 1 2 1 1 
     1 1 2 1 
      1 1 1 
       1 1 
        1 
       1 2 
      1 1 2 
     2 1 2 2 
    2 1 1 2 2 
   2 2 2 2 2 2 
  2 2 2 2 2 2 2 
 2 2 2 2 2 2 2 2 

depth = 69
 1 1 1 1 2 2 1 1 
  1 1 1 0 2 1 1 
   1 1 1 1 2 1 
    1 1 2 1 1 
     1 1 2 1 
      1 1 1 
       1 1 
        1 
       1 2 
      1 1 2 
     2 1 2 2 
    2 1 1 2 2 
   2 2 2 2 2 2 
  2 2 2 2 2 2 2 
 2 2 2 2 2 2 2 2 

depth = 70
 1 1 1 0 2 2 1 1 
  1 1 1 1 2 1 1 
   1 1 1 1 2 1 
    1 1 2 1 1 
     1 1 2 1 
      1 1 1 
       1 1 
        1 
       1 2 
      1 1 2 
     2 1 2 2 
    2 1 1 2 2 
   2 2 2 2 2 2 
  2 2 2 2 2 2 2 
 2 2 2 2 2 2 2 2 

depth = 71
 1 1 1 1 2 2 1 1 
  1 1 1 1 2 1 1 
   1 1 2 2 2 1 
    1 1 1 1 1 
     1 1 0 1 
      1 1 1 
       1 1 
        1 
       1 2 
      1 1 2 
     2 1 2 2 
    2 1 1 2 2 
   2 2 2 2 2 2 
  2 2 2 2 2 2 2 
 2 2 2 2 2 2 2 2 

depth = 72
 1 1 1 1 2 2 1 1 
  1 1 1 1 2 1 1 
   1 1 2 2 2 1 
    1 1 1 0 1 
     1 1 1 1 
      1 1 1 
       1 1 
        1 
       1 2 
      1 1 2 
     2 1 2 2 
    2 1 1 2 2 
   2 2 2 2 2 2 
  2 2 2 2 2 2 2 
 2 2 2 2 2 2 2 2 

depth = 73
 1 1 1 1 2 2 1 1 
  1 1 1 1 2 0 1 
   1 1 2 2 2 1 
    1 1 1 1 1 
     1 1 1 1 
      1 1 1 
       1 1 
        1 
       1 2 
      1 1 2 
     2 1 2 2 
    2 1 1 2 2 
   2 2 2 2 2 2 
  2 2 2 2 2 2 2 
 2 2 2 2 2 2 2 2 

depth = 74
 1 1 1 1 2 2 0 1 
  1 1 1 1 2 1 1 
   1 1 2 2 2 1 
    1 1 1 1 1 
     1 1 1 1 
      1 1 1 
       1 1 
        1 
       1 2 
      1 1 2 
     2 1 2 2 
    2 1 1 2 2 
   2 2 2 2 2 2 
  2 2 2 2 2 2 2 
 2 2 2 2 2 2 2 2 

depth = 75
 1 1 1 1 2 2 2 1 
  1 1 1 1 2 1 1 
   1 1 2 2 0 1 
    1 1 1 1 1 
     1 1 1 1 
      1 1 1 
       1 1 
        1 
       1 2 
      1 1 2 
     2 1 2 2 
    2 1 1 2 2 
   2 2 2 2 2 2 
  2 2 2 2 2 2 2 
 2 2 2 2 2 2 2 2 

depth = 76
 1 1 1 1 2 2 2 1 
  1 1 1 1 2 0 1 
   1 1 2 2 1 1 
    1 1 1 1 1 
     1 1 1 1 
      1 1 1 
       1 1 
        1 
       1 2 
      1 1 2 
     2 1 2 2 
    2 1 1 2 2 
   2 2 2 2 2 2 
  2 2 2 2 2 2 2 
 2 2 2 2 2 2 2 2 

depth = 77
 1 1 1 2 2 2 1 1 
  1 1 1 2 2 1 1 
   1 1 0 1 2 1 
    1 1 1 1 1 
     1 1 1 1 
      1 1 1 
       1 1 
        1 
       1 2 
      1 1 2 
     2 1 2 2 
    2 1 1 2 2 
   2 2 2 2 2 2 
  2 2 2 2 2 2 2 
 2 2 2 2 2 2 2 2 

depth = 78
 1 1 1 2 2 2 1 1 
  1 1 0 2 2 1 1 
   1 1 1 1 2 1 
    1 1 1 1 1 
     1 1 1 1 
      1 1 1 
       1 1 
        1 
       1 2 
      1 1 2 
     2 1 2 2 
    2 1 1 2 2 
   2 2 2 2 2 2 
  2 2 2 2 2 2 2 
 2 2 2 2 2 2 2 2 

depth = 79
 1 1 0 2 2 2 1 1 
  1 1 1 2 2 1 1 
   1 1 1 1 2 1 
    1 1 1 1 1 
     1 1 1 1 
      1 1 1 
       1 1 
        1 
       1 2 
      1 1 2 
     2 1 2 2 
    2 1 1 2 2 
   2 2 2 2 2 2 
  2 2 2 2 2 2 2 
 2 2 2 2 2 2 2 2 

depth = 80
 1 1 2 2 2 2 1 1 
  1 1 1 1 2 1 1 
   1 1 0 1 2 1 
    1 1 1 1 1 
     1 1 1 1 
      1 1 1 
       1 1 
        1 
       1 2 
      1 1 2 
     2 1 2 2 
    2 1 1 2 2 
   2 2 2 2 2 2 
  2 2 2 2 2 2 2 
 2 2 2 2 2 2 2 2 

depth = 81
 1 1 2 2 2 2 1 1 
  1 1 0 1 2 1 1 
   1 1 1 1 2 1 
    1 1 1 1 1 
     1 1 1 1 
      1 1 1 
       1 1 
        1 
       1 2 
      1 1 2 
     2 1 2 2 
    2 1 1 2 2 
   2 2 2 2 2 2 
  2 2 2 2 2 2 2 
 2 2 2 2 2 2 2 2 

depth = 82
 1 1 1 2 2 2 2 1 
  1 1 2 1 2 0 1 
   1 1 1 1 1 1 
    1 1 1 1 1 
     1 1 1 1 
      1 1 1 
       1 1 
        1 
       1 2 
      1 1 2 
     2 1 2 2 
    2 1 1 2 2 
   2 2 2 2 2 2 
  2 2 2 2 2 2 2 
 2 2 2 2 2 2 2 2 

depth = 83
 1 1 2 2 2 2 2 1 
  1 1 1 1 2 0 1 
   1 1 1 1 1 1 
    1 1 1 1 1 
     1 1 1 1 
      1 1 1 
       1 1 
        1 
       1 2 
      1 1 2 
     2 1 2 2 
    2 1 1 2 2 
   2 2 2 2 2 2 
  2 2 2 2 2 2 2 
 2 2 2 2 2 2 2 2 

depth = 84
 1 1 0 2 2 2 2 1 
  1 1 1 1 2 2 1 
   1 1 1 1 1 1 
    1 1 1 1 1 
     1 1 1 1 
      1 1 1 
       1 1 
        1 
       1 2 
      1 1 2 
     2 1 2 2 
    2 1 1 2 2 
   2 2 2 2 2 2 
  2 2 2 2 2 2 2 
 2 2 2 2 2 2 2 2 

depth = 85
 1 1 1 2 2 2 2 1 
  1 1 1 2 2 0 1 
   1 1 1 1 1 1 
    1 1 1 1 1 
     1 1 1 1 
      1 1 1 
       1 1 
        1 
       1 2 
      1 1 2 
     2 1 2 2 
    2 1 1 2 2 
   2 2 2 2 2 2 
  2 2 2 2 2 2 2 
 2 2 2 2 2 2 2 2 

depth = 86
 1 2 2 2 2 2 0 1 
  1 1 1 1 2 1 1 
   1 1 1 1 1 1 
    1 1 1 1 1 
     1 1 1 1 
      1 1 1 
       1 1 
        1 
       1 2 
      1 1 2 
     2 1 2 2 
    2 1 1 2 2 
   2 2 2 2 2 2 
  2 2 2 2 2 2 2 
 2 2 2 2 2 2 2 2 

depth = 87
 1 1 1 1 2 2 1 1 
  1 1 1 1 2 1 1 
   1 1 1 1 2 1 
    1 1 2 1 1 
     1 1 2 1 
      0 1 2 
       2 1 
        1 
       1 2 
      1 1 2 
     2 2 2 2 
    2 1 1 2 2 
   2 1 2 2 2 1 
  2 2 2 2 1 2 2 
 2 2 2 2 2 2 2 2 

depth = 88
 1 1 1 1 2 2 1 1 
  1 1 1 1 2 1 1 
   1 1 1 1 2 1 
    1 1 2 1 1 
     1 0 2 1 
      1 1 2 
       2 1 
        1 
       1 2 
      1 1 2 
     2 2 2 2 
    2 1 1 2 2 
   2 1 2 2 2 1 
  2 2 2 2 1 2 2 
 2 2 2 2 2 2 2 2 

depth = 89
 1 1 1 1 2 2 1 1 
  1 1 1 1 2 1 1 
   1 1 1 0 2 1 
    1 1 2 1 1 
     1 1 2 1 
      1 1 2 
       2 1 
        1 
       1 2 
      1 1 2 
     2 2 2 2 
    2 1 1 2 2 
   2 1 2 2 2 1 
  2 2 2 2 1 2 2 
 2 2 2 2 2 2 2 2 

depth = 90
 1 1 1 1 2 2 1 1 
  1 1 1 0 2 1 1 
   1 1 1 1 2 1 
    1 1 2 1 1 
     1 1 2 1 
      1 1 2 
       2 1 
        1 
       1 2 
      1 1 2 
     2 2 2 2 
    2 1 1 2 2 
   2 1 2 2 2 1 
  2 2 2 2 1 2 2 
 2 2 2 2 2 2 2 2 

depth = 91
 1 1 1 0 2 2 1 1 
  1 1 1 1 2 1 1 
   1 1 1 1 2 1 
    1 1 2 1 1 
     1 1 2 1 
      1 1 2 
       2 1 
        1 
       1 2 
      1 1 2 
     2 2 2 2 
    2 1 1 2 2 
   2 1 2 2 2 1 
  2 2 2 2 1 2 2 
 2 2 2 2 2 2 2 2 

depth = 92
 1 1 1 1 2 2 1 1 
  1 1 1 1 2 1 1 
   1 1 2 2 2 1 
    1 1 1 1 1 
     1 1 0 1 
      1 1 2 
       2 1 
        1 
       1 2 
      1 1 2 
     2 2 2 2 
    2 1 1 2 2 
   2 1 2 2 2 1 
  2 2 2 2 1 2 2 
 2 2 2 2 2 2 2 2 

depth = 93
 1 1 1 1 2 2 1 1 
  1 1 1 1 2 1 1 
   1 1 2 2 2 1 
    1 1 1 1 1 
     1 1 2 1 
      1 1 2 
       0 1 
        1 
       1 2 
      1 1 2 
     2 2 2 2 
    2 1 1 2 2 
   2 1 2 2 2 1 
  2 2 2 2 1 2 2 
 2 2 2 2 2 2 2 2 

depth = 94
 1 1 1 1 2 2 1 1 
  1 1 1 1 2 1 1 
   1 1 2 2 2 1 
    1 1 1 1 1 
     1 1 2 1 
      1 1 2 
       2 1 
        1 
       1 0 
      1 1 2 
     2 2 2 2 
    2 1 1 2 2 
   2 1 2 2 2 1 
  2 2 2 2 1 2 2 
 2 2 2 2 2 2 2 2 

depth = 95
 1 1 1 1 2 2 1 1 
  1 1 1 1 2 1 1 
   1 1 2 2 2 1 
    1 1 1 1 1 
     1 1 2 1 
      1 1 2 
       2 1 
        1 
       1 2 
      1 1 2 
     2 0 2 2 
    2 1 1 2 2 
   2 1 2 2 2 1 
  2 2 2 2 1 2 2 
 2 2 2 2 2 2 2 2 

depth = 96
 1 1 1 1 2 2 1 1 
  1 1 1 1 2 1 1 
   1 1 2 2 2 1 
    1 1 1 1 1 
     1 1 2 1 
      1 1 2 
       2 1 
        1 
       1 2 
      1 1 2 
     2 2 2 2 
    2 1 1 2 2 
   2 1 2 0 2 1 
  2 2 2 2 1 2 2 
 2 2 2 2 2 2 2 2 

depth = 97
 1 1 1 1 2 2 1 1 
  1 1 1 1 2 1 1 
   1 1 2 2 2 1 
    1 1 1 1 1 
     1 1 2 1 
      1 1 2 
       2 1 
        1 
       1 2 
      1 1 2 
     2 2 2 2 
    2 1 1 2 2 
   2 1 2 2 2 1 
  2 2 2 2 1 2 2 
 2 2 2 2 2 0 2 2 

depth = 98
 1 1 1 1 2 2 1 1 
  1 1 1 1 2 1 1 
   1 1 2 2 2 1 
    1 1 1 1 1 
     1 1 2 1 
      1 1 2 
       2 1 
        1 
       1 2 
      1 1 2 
     2 2 2 2 
    2 1 1 2 2 
   2 1 2 2 2 0 
  2 2 2 2 1 2 2 
 2 2 2 2 2 1 2 2 

depth = 99
 1 1 1 1 2 2 1 1 
  1 1 1 1 2 1 1 
   1 1 2 2 2 1 
    1 1 1 1 1 
     1 1 2 1 
      1 1 2 
       2 1 
        1 
       1 2 
      1 1 2 
     2 2 2 2 
    2 1 1 2 2 
   2 1 2 2 2 2 
  2 2 2 2 1 0 2 
 2 2 2 2 2 1 2 2 

depth = 100
 1 1 1 1 2 2 1 1 
  1 1 1 1 2 1 1 
   1 1 2 2 2 1 
    1 1 1 1 1 
     1 1 2 1 
      1 1 2 
       2 1 
        1 
       1 2 
      1 1 2 
     2 2 2 2 
    2 1 1 2 2 
   2 1 2 2 2 2 
  2 2 2 2 1 2 2 
 2 2 2 2 2 1 0 2 

depth = 101
 1 1 1 1 2 2 1 1 
  1 1 1 1 2 1 1 
   1 1 2 2 2 1 
    1 1 1 1 1 
     1 1 2 1 
      1 1 2 
       2 1 
        1 
       0 2 
      1 1 2 
     2 2 2 2 
    2 1 1 2 2 
   2 1 2 2 2 1 
  2 2 2 2 1 2 2 
 2 2 2 2 2 1 2 2 

depth = 102
 1 1 1 1 2 2 1 1 
  1 1 1 1 2 1 1 
   1 1 2 2 2 1 
    1 1 1 1 1 
     1 1 2 1 
      1 1 2 
       2 1 
        1 
       2 2 
      1 1 2 
     0 2 2 2 
    2 1 1 2 2 
   2 1 2 2 2 1 
  2 2 2 2 1 2 2 
 2 2 2 2 2 1 2 2 

depth = 103
 1 1 1 1 2 2 1 1 
  1 1 1 1 2 1 1 
   1 1 2 2 2 1 
    1 1 1 1 1 
     1 1 2 1 
      1 1 2 
       2 1 
        1 
       2 2 
      1 1 2 
     2 2 2 2 
    2 1 1 2 2 
   2 1 0 2 2 1 
  2 2 2 2 1 2 2 
 2 2 2 2 2 1 2 2 

depth = 104
 1 1 1 1 2 2 1 1 
  1 1 1 1 2 1 1 
   1 1 2 2 2 1 
    1 1 1 1 1 
     1 1 2 1 
      1 1 2 
       2 1 
        1 
       2 2 
      1 1 2 
     2 2 2 2 
    2 1 0 2 2 
   2 1 1 2 2 1 
  2 2 2 2 1 2 2 
 2 2 2 2 2 1 2 2 

depth = 105
 1 1 1 1 2 2 1 1 
  1 1 1 1 2 1 1 
   1 1 2 2 2 1 
    1 1 1 1 1 
     1 1 2 1 
      1 1 2 
       2 1 
        1 
       2 2 
      0 1 2 
     2 2 2 2 
    2 1 1 2 2 
   2 1 1 2 2 1 
  2 2 2 2 1 2 2 
 2 2 2 2 2 1 2 2 

depth = 106
 1 1 1 1 2 2 1 1 
  1 1 1 1 2 1 1 
   1 1 2 2 2 1 
    1 1 1 1 1 
     1 1 2 1 
      1 1 2 
       2 1 
        0 
       2 2 
      1 1 2 
     2 2 2 2 
    2 1 1 2 2 
   2 1 1 2 2 1 
  2 2 2 2 1 2 2 
 2 2 2 2 2 1 2 2 

depth = 107
 1 1 1 1 2 2 1 1 
  1 1 1 1 2 1 1 
   1 1 2 2 2 1 
    1 1 1 1 1 
     1 1 2 1 
      0 1 2 
       2 1 
        1 
       2 2 
      1 1 2 
     2 2 2 2 
    2 1 1 2 2 
   2 1 1 2 2 1 
  2 2 2 2 1 2 2 
 2 2 2 2 2 1 2 2 

depth = 108
 1 1 1 1 2 2 1 1 
  1 1 1 1 2 1 1 
   1 1 2 2 2 1 
    1 1 1 1 1 
     1 0 2 1 
      1 1 2 
       2 1 
        1 
       2 2 
      1 1 2 
     2 2 2 2 
    2 1 1 2 2 
   2 1 1 2 2 1 
  2 2 2 2 1 2 2 
 2 2 2 2 2 1 2 2 

depth = 109
 1 1 1 1 2 2 1 1 
  1 1 1 1 2 1 1 
   1 1 2 2 2 1 
    1 1 0 1 1 
     1 1 2 1 
      1 1 2 
       2 1 
        1 
       2 2 
      1 1 2 
     2 2 2 2 
    2 1 1 2 2 
   2 1 1 2 2 1 
  2 2 2 2 1 2 2 
 2 2 2 2 2 1 2 2 

depth = 110
 1 1 1 1 2 2 1 1 
  1 1 0 1 2 1 1 
   1 1 2 2 2 1 
    1 1 1 1 1 
     1 1 2 1 
      1 1 2 
       2 1 
        1 
       2 2 
      1 1 2 
     2 2 2 2 
    2 1 1 2 2 
   2 1 1 2 2 1 
  2 2 2 2 1 2 2 
 2 2 2 2 2 1 2 2 

depth = 111
 1 1 1 0 2 2 1 1 
  1 1 1 1 2 1 1 
   1 1 2 2 2 1 
    1 1 1 1 1 
     1 1 2 1 
      1 1 2 
       2 1 
        1 
       2 2 
      1 1 2 
     2 2 2 2 
    2 1 1 2 2 
   2 1 1 2 2 1 
  2 2 2 2 1 2 2 
 2 2 2 2 2 1 2 2 

depth = 112
 1 1 1 2 2 2 1 1 
  1 1 1 1 2 1 1 
   1 1 2 0 2 1 
    1 1 1 1 1 
     1 1 2 1 
      1 1 2 
       2 1 
        1 
       2 2 
      1 1 2 
     2 2 2 2 
    2 1 1 2 2 
   2 1 1 2 2 1 
  2 2 2 2 1 2 2 
 2 2 2 2 2 1 2 2 

depth = 113
 1 1 1 2 2 2 1 1 
  1 1 1 0 2 1 1 
   1 1 2 1 2 1 
    1 1 1 1 1 
     1 1 2 1 
      1 1 2 
       2 1 
        1 
       2 2 
      1 1 2 
     2 2 2 2 
    2 1 1 2 2 
   2 1 1 2 2 1 
  2 2 2 2 1 2 2 
 2 2 2 2 2 1 2 2 

depth = 114
 1 1 1 2 2 2 1 1 
  1 1 1 2 2 1 1 
   1 1 0 1 2 1 
    1 1 1 1 1 
     1 1 2 1 
      1 1 2 
       2 1 
        1 
       2 2 
      1 1 2 
     2 2 2 2 
    2 1 1 2 2 
   2 1 1 2 2 1 
  2 2 2 2 1 2 2 
 2 2 2 2 2 1 2 2 

depth = 115
 1 1 1 2 2 2 1 1 
  1 1 1 2 2 1 1 
   1 1 2 1 2 1 
    1 1 1 1 1 
     1 1 0 1 
      1 1 2 
       2 1 
        1 
       2 2 
      1 1 2 
     2 2 2 2 
    2 1 1 2 2 
   2 1 1 2 2 1 
  2 2 2 2 1 2 2 
 2 2 2 2 2 1 2 2 

depth = 116
 1 1 1 2 2 2 1 1 
  1 1 1 2 2 1 1 
   1 1 2 1 2 1 
    1 1 1 1 1 
     1 1 2 1 
      1 1 2 
       0 1 
        1 
       2 2 
      1 1 2 
     2 2 2 2 
    2 1 1 2 2 
   2 1 1 2 2 1 
  2 2 2 2 1 2 2 
 2 2 2 2 2 1 2 2 

depth = 117
 1 1 1 2 2 2 1 1 
  1 1 1 2 2 1 1 
   1 1 2 1 2 1 
    1 1 1 1 1 
     1 1 2 1 
      1 1 2 
       2 1 
        1 
       2 0 
      1 1 2 
     2 2 2 2 
    2 1 1 2 2 
   2 1 1 2 2 1 
  2 2 2 2 1 2 2 
 2 2 2 2 2 1 2 2 

depth = 118
 1 1 1 2 2 2 1 1 
  1 1 1 2 2 1 1 
   1 1 2 1 2 1 
    1 1 1 1 1 
     1 1 2 1 
      1 1 2 
       2 1 
        1 
       2 2 
      1 1 2 
     2 0 2 2 
    2 1 1 2 2 
   2 1 1 2 2 1 
  2 2 2 2 1 2 2 
 2 2 2 2 2 1 2 2 

depth = 119
 1 1 1 2 2 2 1 1 
  1 1 1 2 2 1 1 
   1 1 2 1 2 1 
    1 1 1 1 1 
     1 1 2 1 
      1 1 2 
       2 1 
        1 
       2 2 
      1 1 2 
     2 2 2 2 
    2 1 1 2 2 
   2 1 1 0 2 1 
  2 2 2 2 1 2 2 
 2 2 2 2 2 1 2 2 

depth = 120
 1 1 1 2 2 2 1 1 
  1 1 1 2 2 1 1 
   1 1 2 1 2 1 
    1 1 1 1 1 
     1 1 2 1 
      1 1 2 
       2 1 
        1 
       2 2 
      1 1 2 
     2 2 2 2 
    2 1 0 2 2 
   2 1 1 1 2 1 
  2 2 2 2 1 2 2 
 2 2 2 2 2 1 2 2 

depth = 121
 1 1 1 2 2 2 1 1 
  1 1 1 2 2 1 1 
   1 1 2 1 2 1 
    1 1 1 1 1 
     1 1 2 1 
      1 1 2 
       2 1 
        1 
       2 2 
      0 1 2 
     2 2 2 2 
    2 1 1 2 2 
   2 1 1 1 2 1 
  2 2 2 2 1 2 2 
 2 2 2 2 2 1 2 2 

depth = 122
 1 1 1 2 2 2 1 1 
  1 1 1 2 2 1 1 
   1 1 2 1 2 1 
    1 1 1 1 1 
     1 1 2 1 
      1 1 2 
       2 1 
        0 
       2 2 
      1 1 2 
     2 2 2 2 
    2 1 1 2 2 
   2 1 1 1 2 1 
  2 2 2 2 1 2 2 
 2 2 2 2 2 1 2 2 

depth = 123
 1 1 1 2 2 2 1 1 
  1 1 1 2 2 1 1 
   1 1 2 1 2 1 
    1 1 1 1 1 
     1 1 2 1 
      0 1 2 
       2 1 
        1 
       2 2 
      1 1 2 
     2 2 2 2 
    2 1 1 2 2 
   2 1 1 1 2 1 
  2 2 2 2 1 2 2 
 2 2 2 2 2 1 2 2 

depth = 124
 1 1 1 2 2 2 1 1 
  1 1 1 2 2 1 1 
   1 1 2 1 2 1 
    1 1 1 1 1 
     1 0 2 1 
      1 1 2 
       2 1 
        1 
       2 2 
      1 1 2 
     2 2 2 2 
    2 1 1 2 2 
   2 1 1 1 2 1 
  2 2 2 2 1 2 2 
 2 2 2 2 2 1 2 2 

depth = 125
 1 1 1 2 2 2 1 1 
  1 1 1 2 2 1 1 
   1 1 2 1 2 1 
    1 1 0 1 1 
     1 1 2 1 
      1 1 2 
       2 1 
        1 
       2 2 
      1 1 2 
     2 2 2 2 
    2 1 1 2 2 
   2 1 1 1 2 1 
  2 2 2 2 1 2 2 
 2 2 2 2 2 1 2 2 

depth = 126
 1 1 1 2 2 2 1 1 
  1 1 0 2 2 1 1 
   1 1 2 1 2 1 
    1 1 1 1 1 
     1 1 2 1 
      1 1 2 
       2 1 
        1 
       2 2 
      1 1 2 
     2 2 2 2 
    2 1 1 2 2 
   2 1 1 1 2 1 
  2 2 2 2 1 2 2 
 2 2 2 2 2 1 2 2 

depth = 127
 1 1 0 2 2 2 1 1 
  1 1 1 2 2 1 1 
   1 1 2 1 2 1 
    1 1 1 1 1 
     1 1 2 1 
      1 1 2 
       2 1 
        1 
       2 2 
      1 1 2 
     2 2 2 2 
    2 1 1 2 2 
   2 1 1 1 2 1 
  2 2 2 2 1 2 2 
 2 2 2 2 2 1 2 2 

depth = 128
 1 1 2 2 2 2 1 1 
  1 1 1 2 2 1 1 
   1 1 0 1 2 1 
    1 1 1 1 1 
     1 1 2 1 
      1 1 2 
       2 1 
        1 
       2 2 
      1 1 2 
     2 2 2 2 
    2 1 1 2 2 
   2 1 1 1 2 1 
  2 2 2 2 1 2 2 
 2 2 2 2 2 1 2 2 

depth = 129
 1 1 2 2 2 2 1 1 
  1 1 1 2 2 1 1 
   1 1 2 1 2 1 
    1 1 1 1 1 
     1 1 0 1 
      1 1 2 
       2 1 
        1 
       2 2 
      1 1 2 
     2 2 2 2 
    2 1 1 2 2 
   2 1 1 1 2 1 
  2 2 2 2 1 2 2 
 2 2 2 2 2 1 2 2 

depth = 130
 1 1 2 2 2 2 1 1 
  1 1 1 2 2 1 1 
   1 1 2 1 2 1 
    1 1 1 1 1 
     1 1 2 1 
      1 1 2 
       0 1 
        1 
       2 2 
      1 1 2 
     2 2 2 2 
    2 1 1 2 2 
   2 1 1 1 2 1 
  2 2 2 2 1 2 2 
 2 2 2 2 2 1 2 2 

depth = 131
 1 1 2 2 2 2 1 1 
  1 1 1 2 2 1 1 
   1 1 2 1 2 1 
    1 1 1 1 1 
     1 1 2 1 
      1 1 2 
       2 1 
        1 
       2 0 
      1 1 2 
     2 2 2 2 
    2 1 1 2 2 
   2 1 1 1 2 1 
  2 2 2 2 1 2 2 
 2 2 2 2 2 1 2 2 

depth = 132
 1 1 2 2 2 2 1 1 
  1 1 1 2 2 1 1 
   1 1 2 1 2 1 
    1 1 1 1 1 
     1 1 2 1 
      1 1 2 
       2 1 
        1 
       2 2 
      1 1 2 
     2 0 2 2 
    2 1 1 2 2 
   2 1 1 1 2 1 
  2 2 2 2 1 2 2 
 2 2 2 2 2 1 2 2 

depth = 133
 1 1 2 2 2 2 1 1 
  1 1 1 2 2 1 1 
   1 1 2 1 2 1 
    1 1 1 1 1 
     1 1 2 1 
      1 1 2 
       2 1 
        1 
       2 2 
      1 0 2 
     2 1 2 2 
    2 1 1 2 2 
   2 1 1 1 2 1 
  2 2 2 2 1 2 2 
 2 2 2 2 2 1 2 2 

depth = 134
 1 1 2 2 2 2 1 1 
  1 1 1 2 2 1 1 
   1 1 2 1 2 1 
    1 1 1 1 1 
     1 1 2 1 
      1 1 2 
       2 1 
        1 
       2 2 
      1 2 2 
     2 1 0 2 
    2 1 1 2 2 
   2 1 1 1 2 1 
  2 2 2 2 1 2 2 
 2 2 2 2 2 1 2 2 

depth = 135
 1 1 2 2 2 2 1 1 
  1 1 1 2 2 1 1 
   1 1 2 1 2 1 
    1 1 1 1 1 
     1 1 2 1 
      1 1 2 
       2 1 
        1 
       2 2 
      1 2 2 
     2 1 2 2 
    2 1 1 0 2 
   2 1 1 1 2 1 
  2 2 2 2 1 2 2 
 2 2 2 2 2 1 2 2 

depth = 136
 1 1 2 2 2 2 1 1 
  1 1 1 2 2 1 1 
   1 1 2 1 2 1 
    1 1 1 1 1 
     1 1 2 1 
      1 1 2 
       2 1 
        1 
       2 2 
      1 2 2 
     2 1 2 2 
    2 1 1 2 2 
   2 1 1 1 2 1 
  2 2 2 0 1 2 2 
 2 2 2 2 2 1 2 2 

depth = 137
 1 1 2 2 2 2 1 1 
  1 1 1 2 2 1 1 
   1 1 2 1 2 1 
    1 1 1 1 1 
     1 1 2 1 
      1 1 2 
       2 1 
        1 
       2 2 
      1 2 2 
     2 1 2 2 
    2 1 1 2 2 
   2 1 1 0 2 1 
  2 2 2 1 1 2 2 
 2 2 2 2 2 1 2 2 

depth = 138
 1 1 2 2 2 2 1 1 
  1 1 1 2 2 1 1 
   1 1 2 1 2 1 
    1 1 1 1 1 
     1 1 2 1 
      1 1 2 
       2 1 
        1 
       2 2 
      1 2 2 
     2 1 2 2 
    2 1 1 2 2 
   2 1 1 2 2 1 
  2 2 2 1 1 2 2 
 2 2 2 0 2 1 2 2 

depth = 139
 1 1 2 2 2 2 1 1 
  1 1 1 2 2 1 1 
   1 1 2 1 2 1 
    1 1 1 1 1 
     1 1 2 1 
      1 1 2 
       2 1 
        1 
       2 2 
      1 2 2 
     2 1 2 2 
    2 1 1 2 2 
   2 0 1 2 2 1 
  2 2 2 1 1 2 2 
 2 2 2 1 2 1 2 2 

depth = 140
 1 1 2 2 2 2 1 1 
  1 1 1 2 2 1 1 
   1 1 2 1 2 1 
    1 1 1 1 1 
     1 1 2 1 
      1 1 2 
       2 1 
        1 
       2 2 
      1 2 2 
     2 1 2 2 
    2 0 1 2 2 
   2 1 1 2 2 1 
  2 2 2 1 1 2 2 
 2 2 2 1 2 1 2 2 

depth = 141
 1 1 2 2 2 2 1 1 
  1 1 1 2 2 1 1 
   1 1 2 1 2 1 
    1 1 1 1 1 
     1 1 2 1 
      1 1 2 
       2 1 
        1 
       2 2 
      1 2 2 
     2 1 2 2 
    2 2 1 2 2 
   2 1 1 2 2 1 
  2 0 2 1 1 2 2 
 2 2 2 1 2 1 2 2 

depth = 142
 1 1 2 2 2 2 1 1 
  1 1 1 2 2 1 1 
   1 1 2 1 2 1 
    1 1 1 1 1 
     1 1 2 1 
      1 1 2 
       2 1 
        1 
       2 2 
      1 2 2 
     2 1 2 2 
    2 2 1 2 2 
   2 0 1 2 2 1 
  2 1 2 1 1 2 2 
 2 2 2 1 2 1 2 2 

depth = 143
 1 1 2 2 2 2 1 1 
  1 1 1 2 2 1 1 
   1 1 2 1 2 1 
    1 1 1 1 1 
     1 1 2 1 
      1 1 2 
       2 1 
        1 
       2 2 
      1 2 2 
     2 0 2 2 
    2 2 1 2 2 
   2 1 1 2 2 1 
  2 1 2 1 1 2 2 
 2 2 2 1 2 1 2 2 

depth = 144
 1 1 2 2 2 2 1 1 
  1 1 1 2 2 1 1 
   1 1 2 1 2 1 
    1 1 1 1 1 
     1 1 2 1 
      1 1 2 
       2 1 
        1 
       2 2 
      1 2 2 
     2 2 2 2 
    2 2 1 2 2 
   2 1 1 0 2 1 
  2 1 2 1 1 2 2 
 2 2 2 1 2 1 2 2 

depth = 145
 1 1 2 2 2 2 1 1 
  1 1 1 2 2 1 1 
   1 1 2 1 2 1 
    1 1 1 1 1 
     1 1 2 1 
      1 1 2 
       2 1 
        1 
       2 2 
      1 2 2 
     2 2 2 2 
    2 2 0 2 2 
   2 1 1 1 2 1 
  2 1 2 1 1 2 2 
 2 2 2 1 2 1 2 2 

depth = 146
 1 1 2 2 2 2 1 1 
  1 1 1 2 2 1 1 
   1 1 2 1 2 1 
    1 1 1 1 1 
     1 1 2 1 
      1 1 2 
       2 1 
        1 
       2 2 
      0 2 2 
     2 2 2 2 
    2 2 1 2 2 
   2 1 1 1 2 1 
  2 1 2 1 1 2 2 
 2 2 2 1 2 1 2 2 

depth = 147
 1 1 2 2 2 2 1 1 
  1 1 1 2 2 1 1 
   1 1 2 1 2 1 
    1 1 1 1 1 
     1 1 2 1 
      1 1 2 
       2 1 
        0 
       2 2 
      1 2 2 
     2 2 2 2 
    2 2 1 2 2 
   2 1 1 1 2 1 
  2 1 2 1 1 2 2 
 2 2 2 1 2 1 2 2 

depth = 148
 1 1 2 2 2 2 1 1 
  1 1 1 2 2 1 1 
   1 1 2 1 2 1 
    1 1 1 1 1 
     1 1 2 1 
      0 1 2 
       2 1 
        1 
       2 2 
      1 2 2 
     2 2 2 2 
    2 2 1 2 2 
   2 1 1 1 2 1 
  2 1 2 1 1 2 2 
 2 2 2 1 2 1 2 2 

depth = 149
 1 1 2 2 2 2 1 1 
  1 1 1 2 2 1 1 
   1 1 2 1 2 1 
    1 1 1 1 1 
     1 0 2 1 
      1 1 2 
       2 1 
        1 
       2 2 
      1 2 2 
     2 2 2 2 
    2 2 1 2 2 
   2 1 1 1 2 1 
  2 1 2 1 1 2 2 
 2 2 2 1 2 1 2 2 

depth = 150
 1 1 2 2 2 2 1 1 
  1 1 1 2 2 1 1 
   1 1 2 1 2 1 
    1 1 0 1 1 
     1 1 2 1 
      1 1 2 
       2 1 
        1 
       2 2 
      1 2 2 
     2 2 2 2 
    2 2 1 2 2 
   2 1 1 1 2 1 
  2 1 2 1 1 2 2 
 2 2 2 1 2 1 2 2 

depth = 151
 1 1 2 2 2 2 1 1 
  1 1 0 2 2 1 1 
   1 1 2 1 2 1 
    1 1 1 1 1 
     1 1 2 1 
      1 1 2 
       2 1 
        1 
       2 2 
      1 2 2 
     2 2 2 2 
    2 2 1 2 2 
   2 1 1 1 2 1 
  2 1 2 1 1 2 2 
 2 2 2 1 2 1 2 2 

depth = 152
 1 1 2 2 2 2 1 1 
  1 1 2 2 2 1 1 
   1 1 0 1 2 1 
    1 1 1 1 1 
     1 1 2 1 
      1 1 2 
       2 1 
        1 
       2 2 
      1 2 2 
     2 2 2 2 
    2 2 1 2 2 
   2 1 1 1 2 1 
  2 1 2 1 1 2 2 
 2 2 2 1 2 1 2 2 

depth = 153
 1 1 2 2 2 2 1 1 
  1 1 2 2 2 1 1 
   1 1 2 1 2 1 
    1 1 1 1 1 
     1 1 0 1 
      1 1 2 
       2 1 
        1 
       2 2 
      1 2 2 
     2 2 2 2 
    2 2 1 2 2 
   2 1 1 1 2 1 
  2 1 2 1 1 2 2 
 2 2 2 1 2 1 2 2 

depth = 154
 1 1 2 2 2 2 1 1 
  1 1 2 2 2 1 1 
   1 1 2 1 2 1 
    1 1 1 1 1 
     1 1 2 1 
      1 1 2 
       0 1 
        1 
       2 2 
      1 2 2 
     2 2 2 2 
    2 2 1 2 2 
   2 1 1 1 2 1 
  2 1 2 1 1 2 2 
 2 2 2 1 2 1 2 2 

depth = 155
 1 1 2 2 2 2 1 1 
  1 1 2 2 2 1 1 
   1 1 2 1 2 1 
    1 1 1 1 1 
     1 1 2 1 
      1 1 2 
       2 1 
        1 
       2 0 
      1 2 2 
     2 2 2 2 
    2 2 1 2 2 
   2 1 1 1 2 1 
  2 1 2 1 1 2 2 
 2 2 2 1 2 1 2 2 

depth = 156
 1 1 2 2 2 2 1 1 
  1 1 2 2 2 1 1 
   1 1 2 1 2 1 
    1 1 1 1 1 
     1 1 2 1 
      1 1 2 
       2 1 
        0 
       2 1 
      1 2 2 
     2 2 2 2 
    2 2 1 2 2 
   2 1 1 1 2 1 
  2 1 2 1 1 2 2 
 2 2 2 1 2 1 2 2 

depth = 157
 1 1 2 2 2 2 1 1 
  1 1 2 2 2 1 1 
   1 1 2 1 2 1 
    1 1 1 1 1 
     1 1 2 1 
      0 1 2 
       2 1 
        1 
       2 1 
      1 2 2 
     2 2 2 2 
    2 2 1 2 2 
   2 1 1 1 2 1 
  2 1 2 1 1 2 2 
 2 2 2 1 2 1 2 2 

depth = 158
 1 1 2 2 2 2 1 1 
  1 1 2 2 2 1 1 
   1 1 2 1 2 1 
    1 1 1 1 1 
     1 0 2 1 
      1 1 2 
       2 1 
        1 
       2 1 
      1 2 2 
     2 2 2 2 
    2 2 1 2 2 
   2 1 1 1 2 1 
  2 1 2 1 1 2 2 
 2 2 2 1 2 1 2 2 

depth = 159
 1 1 2 2 2 2 1 1 
  1 1 2 2 2 1 1 
   1 1 2 1 2 1 
    1 1 0 1 1 
     1 1 2 1 
      1 1 2 
       2 1 
        1 
       2 1 
      1 2 2 
     2 2 2 2 
    2 2 1 2 2 
   2 1 1 1 2 1 
  2 1 2 1 1 2 2 
 2 2 2 1 2 1 2 2 

depth = 160
 1 1 2 2 2 2 1 1 
  1 1 2 2 2 1 1 
   1 1 2 0 2 1 
    1 1 1 1 1 
     1 1 2 1 
      1 1 2 
       2 1 
        1 
       2 1 
      1 2 2 
     2 2 2 2 
    2 2 1 2 2 
   2 1 1 1 2 1 
  2 1 2 1 1 2 2 
 2 2 2 1 2 1 2 2 

depth = 161
 1 1 2 2 2 2 1 1 
  1 1 2 2 2 1 1 
   1 1 2 1 2 1 
    1 1 2 1 1 
     1 1 2 1 
      1 1 2 
       0 1 
        1 
       2 1 
      1 2 2 
     2 2 2 2 
    2 2 1 2 2 
   2 1 1 1 2 1 
  2 1 2 1 1 2 2 
 2 2 2 1 2 1 2 2 

depth = 162
 1 1 2 2 2 2 1 1 
  1 1 2 2 2 1 1 
   1 1 2 1 2 1 
    1 1 2 1 1 
     1 1 2 1 
      1 0 2 
       1 1 
        1 
       2 1 
      1 2 2 
     2 2 2 2 
    2 2 1 2 2 
   2 1 1 1 2 1 
  2 1 2 1 1 2 2 
 2 2 2 1 2 1 2 2 

depth = 163
 1 1 2 2 2 2 1 1 
  1 1 2 2 2 1 1 
   1 1 2 1 2 1 
    1 1 2 0 1 
     1 1 2 1 
      1 1 2 
       1 1 
        1 
       2 1 
      1 2 2 
     2 2 2 2 
    2 2 1 2 2 
   2 1 1 1 2 1 
  2 1 2 1 1 2 2 
 2 2 2 1 2 1 2 2 

depth = 164
 1 1 2 2 2 2 1 1 
  1 1 2 2 2 0 1 
   1 1 2 1 2 1 
    1 1 2 1 1 
     1 1 2 1 
      1 1 2 
       1 1 
        1 
       2 1 
      1 2 2 
     2 2 2 2 
    2 2 1 2 2 
   2 1 1 1 2 1 
  2 1 2 1 1 2 2 
 2 2 2 1 2 1 2 2 

depth = 165
 1 1 2 2 2 2 0 1 
  1 1 2 2 2 1 1 
   1 1 2 1 2 1 
    1 1 2 1 1 
     1 1 2 1 
      1 1 2 
       1 1 
        1 
       2 1 
      1 2 2 
     2 2 2 2 
    2 2 1 2 2 
   2 1 1 1 2 1 
  2 1 2 1 1 2 2 
 2 2 2 1 2 1 2 2 

depth = 166
 1 1 2 2 2 2 2 1 
  1 1 2 2 2 1 1 
   1 1 2 1 0 1 
    1 1 2 1 1 
     1 1 2 1 
      1 1 2 
       1 1 
        1 
       2 1 
      1 2 2 
     2 2 2 2 
    2 2 1 2 2 
   2 1 1 1 2 1 
  2 1 2 1 1 2 2 
 2 2 2 1 2 1 2 2 

depth = 167
 1 1 2 2 2 2 2 1 
  1 1 2 2 2 1 1 
   1 1 2 1 2 1 
    1 1 2 1 1 
     1 1 0 1 
      1 1 2 
       1 1 
        1 
       2 1 
      1 2 2 
     2 2 2 2 
    2 2 1 2 2 
   2 1 1 1 2 1 
  2 1 2 1 1 2 2 
 2 2 2 1 2 1 2 2 

depth = 168
 1 1 2 2 2 2 2 1 
  1 1 2 2 2 1 1 
   1 1 2 1 2 1 
    1 1 2 0 1 
     1 1 1 1 
      1 1 2 
       1 1 
        1 
       2 1 
      1 2 2 
     2 2 2 2 
    2 2 1 2 2 
   2 1 1 1 2 1 
  2 1 2 1 1 2 2 
 2 2 2 1 2 1 2 2 

depth = 169
 1 1 2 2 2 2 2 1 
  1 1 2 2 2 0 1 
   1 1 2 1 2 1 
    1 1 2 1 1 
     1 1 1 1 
      1 1 2 
       1 1 
        1 
       2 1 
      1 2 2 
     2 2 2 2 
    2 2 1 2 2 
   2 1 1 1 2 1 
  2 1 2 1 1 2 2 
 2 2 2 1 2 1 2 2 

depth = 170
 1 1 2 2 2 2 2 1 
  1 1 2 2 2 2 1 
   1 1 2 1 0 1 
    1 1 2 1 1 
     1 1 1 1 
      1 1 2 
       1 1 
        1 
       2 1 
      1 2 2 
     2 2 2 2 
    2 2 1 2 2 
   2 1 1 1 2 1 
  2 1 2 1 1 2 2 
 2 2 2 1 2 1 2 2 

depth = 171
 1 1 2 2 2 2 2 1 
  1 1 2 2 2 1 1 
   1 1 2 2 2 1 
    1 1 2 1 1 
     1 1 1 1 
      1 1 0 
       1 1 
        1 
       2 1 
      1 2 2 
     2 2 2 2 
    2 2 1 2 2 
   2 1 1 1 2 1 
  2 1 2 1 1 2 2 
 2 2 2 1 2 1 2 2 

depth = 172
 1 1 2 2 2 2 2 1 
  1 1 2 2 2 1 1 
   1 1 2 2 2 1 
    1 1 2 1 1 
     1 1 1 0 
      1 1 1 
       1 1 
        1 
       2 1 
      1 2 2 
     2 2 2 2 
    2 2 1 2 2 
   2 1 1 1 2 1 
  2 1 2 1 1 2 2 
 2 2 2 1 2 1 2 2 

depth = 173
 1 1 2 2 2 2 2 1 
  1 1 2 2 2 1 1 
   1 1 2 2 2 1 
    1 1 2 1 0 
     1 1 1 1 
      1 1 1 
       1 1 
        1 
       2 1 
      1 2 2 
     2 2 2 2 
    2 2 1 2 2 
   2 1 1 1 2 1 
  2 1 2 1 1 2 2 
 2 2 2 1 2 1 2 2 

depth = 174
 1 1 2 2 2 2 2 1 
  1 1 2 2 2 1 1 
   1 1 2 2 2 0 
    1 1 2 1 1 
     1 1 1 1 
      1 1 1 
       1 1 
        1 
       2 1 
      1 2 2 
     2 2 2 2 
    2 2 1 2 2 
   2 1 1 1 2 1 
  2 1 2 1 1 2 2 
 2 2 2 1 2 1 2 2 

depth = 175
 1 1 2 2 2 2 2 1 
  1 1 2 2 2 1 0 
   1 1 2 2 2 1 
    1 1 2 1 1 
     1 1 1 1 
      1 1 1 
       1 1 
        1 
       2 1 
      1 2 2 
     2 2 2 2 
    2 2 1 2 2 
   2 1 1 1 2 1 
  2 1 2 1 1 2 2 
 2 2 2 1 2 1 2 2 

depth = 176
 1 1 2 2 2 2 2 0 
  1 1 2 2 2 1 1 
   1 1 2 2 2 1 
    1 1 2 1 1 
     1 1 1 1 
      1 1 1 
       1 1 
        1 
       2 1 
      1 2 2 
     2 2 2 2 
    2 2 1 2 2 
   2 1 1 1 2 1 
  2 1 2 1 1 2 2 
 2 2 2 1 2 1 2 2 

depth = 177
 1 1 2 2 2 2 2 1 
  1 1 2 2 2 2 1 
   1 1 2 2 2 1 
    1 1 0 1 1 
     1 1 1 1 
      1 1 1 
       1 1 
        1 
       2 1 
      1 2 2 
     2 2 2 2 
    2 2 1 2 2 
   2 1 1 1 2 1 
  2 1 2 1 1 2 2 
 2 2 2 1 2 1 2 2 

depth = 178
 1 0 2 2 2 2 2 1 
  1 1 2 2 2 2 1 
   1 1 2 1 2 1 
    1 1 2 1 1 
     1 1 1 1 
      1 1 1 
       1 1 
        1 
       2 1 
      1 2 2 
     2 2 2 2 
    2 2 1 2 2 
   2 1 1 1 2 1 
  2 1 2 1 1 2 2 
 2 2 2 1 2 1 2 2 

depth = 179
 1 0 2 2 2 2 2 1 
  1 1 2 2 2 2 1 
   1 1 2 2 1 1 
    1 1 2 1 1 
     1 1 1 1 
      1 1 1 
       1 1 
        1 
       2 1 
      1 2 2 
     2 2 2 2 
    2 2 1 2 2 
   2 1 1 1 2 1 
  2 1 2 1 1 2 2 
 2 2 2 1 2 1 2 2 

depth = 180
 1 1 2 2 2 2 1 1 
  1 1 2 2 2 1 1 
   1 1 2 1 2 1 
    1 1 1 1 1 
     1 1 2 1 
      1 1 2 
       2 1 
        2 
       2 2 
      2 2 2 
     2 2 2 2 
    2 2 1 2 2 
   2 2 2 1 2 1 
  2 0 1 1 1 2 1 
 2 1 1 1 1 1 2 2 

depth = 181
 1 1 2 2 2 2 1 1 
  1 1 2 2 2 1 1 
   1 1 2 1 2 1 
    1 1 1 1 1 
     1 1 2 1 
      1 1 2 
       2 1 
        2 
       2 2 
      2 2 2 
     2 2 2 2 
    2 2 0 2 2 
   2 2 1 1 2 1 
  2 2 1 1 1 2 1 
 2 1 1 1 1 1 2 2 

depth = 182
 1 1 2 2 2 2 1 1 
  1 1 2 2 2 1 1 
   1 1 2 1 2 1 
    1 1 1 1 1 
     1 1 2 1 
      1 1 2 
       2 1 
        2 
       2 2 
      2 2 2 
     2 2 2 2 
    2 2 1 2 2 
   2 2 2 1 2 1 
  2 1 0 1 1 2 1 
 2 1 1 1 1 1 2 2 

depth = 183
 1 1 2 2 2 2 1 1 
  1 1 2 2 2 1 1 
   1 1 2 1 2 1 
    1 1 1 1 1 
     1 1 2 1 
      1 1 2 
       2 1 
        2 
       2 2 
      2 2 2 
     2 2 2 2 
    2 2 0 2 2 
   2 2 2 1 2 1 
  2 1 1 1 1 2 1 
 2 1 1 1 1 1 2 2 

depth = 184
 1 1 2 2 2 2 1 1 
  1 1 2 2 2 1 1 
   1 1 2 1 2 1 
    1 1 1 1 1 
     1 1 2 1 
      1 1 2 
       2 1 
        2 
       2 2 
      2 2 2 
     2 2 2 2 
    2 2 2 2 2 
   2 2 0 1 2 1 
  2 1 1 1 1 2 1 
 2 1 1 1 1 1 2 2 

depth = 185
 1 1 2 2 2 2 1 1 
  1 1 2 2 2 1 1 
   1 1 2 1 2 1 
    1 1 1 1 1 
     1 1 2 1 
      1 1 2 
       2 1 
        2 
       2 2 
      2 2 2 
     2 2 2 2 
    2 2 2 2 2 
   2 2 0 1 2 1 
  2 1 1 1 1 2 2 
 2 1 1 1 1 1 2 1 

depth = 186
 1 1 2 2 2 2 1 1 
  1 1 2 2 2 1 1 
   1 1 2 1 2 1 
    1 1 1 1 1 
     1 1 2 1 
      1 1 2 
       2 1 
        2 
       2 2 
      2 2 2 
     2 2 2 2 
    2 2 0 2 2 
   2 2 1 1 2 2 
  2 2 1 1 1 2 2 
 2 1 1 1 1 1 1 1 

depth = 187
 1 1 2 2 2 2 1 1 
  1 1 2 2 2 1 1 
   1 1 2 1 2 1 
    1 1 1 1 1 
     1 1 2 1 
      1 1 2 
       2 1 
        2 
       2 2 
      2 2 2 
     2 2 2 2 
    2 2 1 2 2 
   2 2 2 1 2 2 
  2 1 0 1 1 2 2 
 2 1 1 1 1 1 1 1 

depth = 188
 1 1 2 2 2 2 1 1 
  1 1 2 2 2 1 1 
   1 1 2 1 2 1 
    1 1 1 1 1 
     1 1 2 1 
      1 1 2 
       2 1 
        2 
       2 2 
      2 2 2 
     2 2 2 2 
    2 2 0 2 2 
   2 2 2 1 2 2 
  2 1 1 1 1 2 2 
 2 1 1 1 1 1 1 1 

depth = 189
 1 1 2 2 2 2 1 1 
  1 1 2 2 2 1 1 
   1 1 2 1 2 1 
    1 1 1 1 1 
     1 1 2 1 
      1 1 2 
       2 1 
        2 
       2 2 
      2 2 2 
     2 2 2 2 
    2 2 2 2 2 
   2 2 0 1 2 2 
  2 1 1 1 1 2 2 
 2 1 1 1 1 1 1 1 

depth = 190
 1 1 2 2 2 2 1 1 
  1 1 2 2 2 1 1 
   1 1 2 1 2 1 
    1 1 1 1 1 
     1 1 2 1 
      1 1 2 
       2 1 
        2 
       2 2 
      2 2 2 
     2 2 2 2 
    2 2 2 2 2 
   2 2 0 1 2 2 
  2 1 1 1 1 1 2 
 2 1 1 1 1 1 1 2 

depth = 191
 1 1 2 2 2 2 2 2 
  1 1 2 2 2 2 1 
   1 1 2 2 2 1 
    1 1 1 0 1 
     1 2 1 1 
      1 1 1 
       1 1 
        1 
       1 1 
      1 2 2 
     1 2 2 2 
    2 2 1 2 2 
   2 1 1 1 2 1 
  2 1 2 1 1 2 2 
 2 2 2 1 2 1 2 2 

depth = 192
 1 1 2 2 2 2 2 2 
  1 1 2 2 2 2 1 
   1 1 2 2 2 1 
    1 1 2 1 1 
     1 0 1 1 
      1 1 1 
       1 1 
        1 
       1 1 
      1 2 2 
     1 2 2 2 
    2 2 1 2 2 
   2 1 1 1 2 1 
  2 1 2 1 1 2 2 
 2 2 2 1 2 1 2 2 

depth = 193
 1 1 2 2 2 2 2 2 
  1 1 2 2 2 2 1 
   1 1 2 2 2 1 
    1 0 2 1 1 
     1 1 1 1 
      1 1 1 
       1 1 
        1 
       1 1 
      1 2 2 
     1 2 2 2 
    2 2 1 2 2 
   2 1 1 1 2 1 
  2 1 2 1 1 2 2 
 2 2 2 1 2 1 2 2 

depth = 194
 1 1 2 2 2 2 2 2 
  1 1 2 2 2 2 1 
   1 0 2 2 2 1 
    1 1 2 1 1 
     1 1 1 1 
      1 1 1 
       1 1 
        1 
       1 1 
      1 2 2 
     1 2 2 2 
    2 2 1 2 2 
   2 1 1 1 2 1 
  2 1 2 1 1 2 2 
 2 2 2 1 2 1 2 2 

depth = 195
 1 1 2 2 2 2 2 2 
  1 0 2 2 2 2 1 
   1 1 2 2 2 1 
    1 1 2 1 1 
     1 1 1 1 
      1 1 1 
       1 1 
        1 
       1 1 
      1 2 2 
     1 2 2 2 
    2 2 1 2 2 
   2 1 1 1 2 1 
  2 1 2 1 1 2 2 
 2 2 2 1 2 1 2 2 

depth = 196
 1 0 2 2 2 2 2 2 
  1 1 2 2 2 2 1 
   1 1 2 2 2 1 
    1 1 2 1 1 
     1 1 1 1 
      1 1 1 
       1 1 
        1 
       1 1 
      1 2 2 
     1 2 2 2 
    2 2 1 2 2 
   2 1 1 1 2 1 
  2 1 2 1 1 2 2 
 2 2 2 1 2 1 2 2 

depth = 197
 1 2 2 2 2 2 2 1 
  1 1 2 2 2 2 1 
   1 0 2 2 2 1 
    1 1 2 1 1 
     1 1 1 1 
      1 1 1 
       1 1 
        1 
       1 1 
      1 2 2 
     1 2 2 2 
    2 2 1 2 2 
   2 1 1 1 2 1 
  2 1 2 1 1 2 2 
 2 2 2 1 2 1 2 2 

depth = 198
 1 2 2 2 2 2 2 1 
  1 0 2 2 2 2 1 
   1 1 2 2 2 1 
    1 1 2 1 1 
     1 1 1 1 
      1 1 1 
       1 1 
        1 
       1 1 
      1 2 2 
     1 2 2 2 
    2 2 1 2 2 
   2 1 1 1 2 1 
  2 1 2 1 1 2 2 
 2 2 2 1 2 1 2 2 

depth = 199
 1 1 2 2 2 2 2 2 
  1 2 2 2 2 2 1 
   1 0 2 2 2 1 
    1 1 1 1 1 
     1 1 1 1 
      1 1 1 
       1 1 
        1 
       1 1 
      1 2 2 
     1 2 2 2 
    2 2 1 2 2 
   2 1 1 1 2 1 
  2 1 2 1 1 2 2 
 2 2 2 1 2 1 2 2 

depth = 200
 1 0 2 2 2 2 2 2 
  1 2 2 2 2 2 1 
   1 1 2 2 2 1 
    1 1 1 1 1 
     1 1 1 1 
      1 1 1 
       1 1 
        1 
       1 1 
      1 2 2 
     1 2 2 2 
    2 2 1 2 2 
   2 1 1 1 2 1 
  2 1 2 1 1 2 2 
 2 2 2 1 2 1 2 2 

depth = 201
 1 2 2 2 2 2 2 2 
  1 0 2 2 2 2 1 
   1 1 2 2 2 1 
    1 1 1 1 1 
     1 1 1 1 
      1 1 1 
       1 1 
        1 
       1 1 
      1 2 2 
     1 2 2 2 
    2 2 1 2 2 
   2 1 1 1 2 1 
  2 1 2 1 1 2 2 
 2 2 2 1 2 1 2 2 

depth = 202
 1 1 2 2 2 2 1 1 
  1 1 2 2 2 1 1 
   1 1 2 1 2 1 
    1 1 1 1 1 
     1 2 2 1 
      1 1 2 
       2 2 
        2 
       2 2 
      2 2 2 
     2 2 2 2 
    2 2 2 2 2 
   2 0 1 1 2 1 
  2 1 1 1 1 2 1 
 1 1 1 1 1 1 2 2 

depth = 203
 1 1 2 2 2 2 1 1 
  1 1 2 2 2 1 1 
   1 1 2 1 2 1 
    1 1 1 1 1 
     1 2 2 1 
      1 1 2 
       2 2 
        2 
       2 2 
      2 2 2 
     2 2 2 2 
    2 1 2 2 2 
   2 2 0 1 2 1 
  2 1 1 1 1 2 1 
 1 1 1 1 1 1 2 2 

depth = 204
 1 1 2 2 2 2 1 1 
  1 1 2 2 2 1 1 
   1 1 2 1 2 1 
    1 1 1 1 1 
     1 2 2 1 
      1 1 2 
       2 2 
        2 
       2 2 
      2 2 2 
     2 2 2 2 
    2 0 2 2 2 
   2 2 1 1 2 1 
  2 1 1 1 1 2 1 
 1 1 1 1 1 1 2 2 

depth = 205
 1 1 2 2 2 2 1 1 
  1 1 2 2 2 1 1 
   1 1 2 1 2 1 
    1 1 1 1 1 
     1 2 2 1 
      1 1 2 
       2 2 
        2 
       2 2 
      2 2 2 
     1 2 2 2 
    2 2 2 2 2 
   2 2 1 1 2 2 
  2 1 1 1 1 0 2 
 2 1 1 1 1 1 1 1 

depth = 206
 1 1 2 2 2 2 1 1 
  1 1 2 2 2 1 1 
   1 1 2 1 2 1 
    1 1 1 1 1 
     1 2 2 1 
      1 1 2 
       2 2 
        2 
       2 2 
      2 2 2 
     2 2 2 2 
    2 2 0 2 2 
   2 1 1 1 2 2 
  2 2 1 1 1 2 2 
 1 1 1 1 1 1 1 1 

depth = 207
 1 1 2 2 2 2 1 1 
  1 1 2 2 2 1 1 
   1 1 2 1 2 1 
    1 1 1 1 1 
     1 2 2 1 
      1 1 2 
       2 2 
        2 
       2 2 
      2 2 2 
     2 2 2 2 
    2 2 2 2 2 
   2 0 1 1 2 2 
  2 1 1 1 1 2 2 
 1 1 1 1 1 1 1 1 

depth = 208
 1 1 2 2 2 2 1 1 
  1 1 2 2 2 1 1 
   1 1 2 1 2 1 
    1 1 1 1 1 
     1 2 2 1 
      1 1 2 
       2 2 
        2 
       2 2 
      2 2 2 
     2 2 2 2 
    2 1 2 2 2 
   2 2 0 1 2 2 
  2 1 1 1 1 2 2 
 1 1 1 1 1 1 1 1 

depth = 209
 1 1 2 2 2 2 1 1 
  1 1 2 2 2 1 1 
   1 1 2 1 2 1 
    1 1 1 1 1 
     1 2 2 1 
      1 1 2 
       2 2 
        2 
       2 2 
      2 2 2 
     2 2 2 2 
    2 0 2 2 2 
   2 2 1 1 2 2 
  2 1 1 1 1 2 2 
 1 1 1 1 1 1 1 1 

depth = 210
 1 1 2 2 2 2 1 1 
  1 1 2 2 2 1 1 
   1 1 2 1 2 1 
    1 1 1 1 1 
     1 2 2 1 
      1 1 2 
       2 2 
        2 
       2 2 
      2 2 2 
     2 2 2 2 
    2 2 1 2 2 
   2 2 1 1 2 2 
  2 1 1 1 1 0 2 
 1 1 1 1 1 1 1 2 

depth = 211
 1 1 2 2 2 2 1 1 
  1 1 2 2 2 1 1 
   1 1 2 2 2 1 
    1 1 2 1 2 
     1 2 2 1 
      1 1 1 
       2 1 
        2 
       2 2 
      1 2 2 
     1 2 2 2 
    2 0 2 2 2 
   2 1 2 1 2 1 
  2 1 1 1 1 2 1 
 2 1 1 1 1 1 2 2 

depth = 212
 1 1 2 2 2 2 1 1 
  1 1 2 2 2 1 1 
   1 1 2 2 2 1 
    1 1 2 1 2 
     1 2 2 1 
      1 1 1 
       2 1 
        2 
       2 2 
      1 2 2 
     0 2 2 2 
    2 1 2 2 2 
   2 1 2 1 2 1 
  2 1 1 1 1 2 1 
 2 1 1 1 1 1 2 2 

depth = 213
 1 1 2 2 2 2 1 1 
  1 1 2 2 2 1 1 
   1 1 2 2 2 1 
    1 1 2 1 2 
     1 2 2 1 
      1 1 1 
       2 1 
        2 
       2 2 
      1 2 2 
     2 2 2 2 
    2 1 2 2 2 
   2 1 0 1 2 1 
  2 1 1 1 1 2 1 
 2 1 1 1 1 1 2 2 

depth = 214
 1 1 2 2 2 2 1 1 
  1 1 2 2 2 1 1 
   1 1 2 2 2 1 
    1 1 2 1 2 
     1 2 2 1 
      1 1 1 
       2 1 
        2 
       2 2 
      1 2 2 
     2 2 2 2 
    2 0 2 2 2 
   2 1 1 1 2 1 
  2 1 1 1 1 2 1 
 2 1 1 1 1 1 2 2 

depth = 215
 1 1 2 2 2 2 1 1 
  1 1 2 2 2 1 1 
   1 1 2 2 2 1 
    1 1 2 1 2 
     1 2 2 1 
      1 1 1 
       2 1 
        2 
       2 2 
      2 2 2 
     0 2 2 2 
    1 1 2 2 2 
   2 1 2 1 2 1 
  2 1 1 1 1 2 1 
 2 1 1 1 1 1 2 2 

depth = 216
 1 1 2 2 2 2 1 1 
  1 1 2 2 2 1 1 
   1 1 2 2 2 1 
    1 1 2 1 2 
     1 2 2 1 
      1 1 1 
       2 1 
        2 
       2 2 
      2 2 2 
     2 2 2 2 
    1 1 2 2 2 
   0 1 2 1 2 1 
  2 1 1 1 1 2 1 
 2 1 1 1 1 1 2 2 

depth = 217
 1 1 2 2 2 2 1 1 
  1 1 2 2 2 1 1 
   1 1 2 2 2 1 
    1 1 2 1 2 
     1 2 2 1 
      1 1 1 
       2 1 
        2 
       2 2 
      2 2 2 
     2 2 2 2 
    0 1 2 2 2 
   1 1 2 1 2 1 
  2 1 1 1 1 2 1 
 2 1 1 1 1 1 2 2 

depth = 218
 1 1 2 2 2 2 1 1 
  1 1 2 2 2 1 1 
   1 1 2 2 2 1 
    1 1 2 1 2 
     1 2 2 1 
      1 1 1 
       2 1 
        2 
       2 2 
      2 2 2 
     2 2 2 2 
    2 1 2 2 2 
   1 1 2 1 2 1 
  0 1 1 1 1 2 1 
 2 1 1 1 1 1 2 2 

depth = 219
 1 1 2 2 2 2 1 1 
  1 1 2 2 2 1 1 
   1 1 2 2 2 1 
    1 1 2 1 2 
     1 2 2 1 
      1 1 1 
       2 1 
        2 
       2 2 
      2 2 2 
     2 2 2 2 
    2 1 2 2 2 
   0 1 2 1 2 1 
  1 1 1 1 1 2 1 
 2 1 1 1 1 1 2 2 

depth = 220
 1 1 2 2 2 2 1 1 
  1 1 2 2 2 1 1 
   1 1 2 2 2 1 
    1 1 2 1 2 
     1 2 2 1 
      1 1 1 
       2 1 
        2 
       2 2 
      2 2 2 
     2 2 2 2 
    2 1 2 2 2 
   2 1 2 1 2 1 
  1 1 1 1 1 2 1 
 0 1 1 1 1 1 2 2 

depth = 221
 1 1 2 2 2 2 1 1 
  1 1 2 2 2 1 1 
   1 1 2 2 2 1 
    1 1 2 1 2 
     1 2 2 1 
      1 1 1 
       2 1 
        2 
       2 2 
      2 2 2 
     2 2 2 2 
    2 1 2 2 2 
   2 1 2 1 2 1 
  0 1 1 1 1 2 1 
 1 1 1 1 1 1 2 2 

depth = 222
 1 1 2 2 2 2 1 1 
  1 1 2 2 2 1 1 
   1 1 2 2 2 1 
    1 1 2 1 2 
     1 2 2 1 
      1 1 1 
       2 1 
        2 
       2 2 
      2 2 2 
     2 2 2 2 
    2 1 2 2 2 
   2 1 1 1 2 1 
  2 1 1 1 1 2 1 
 0 1 1 1 1 1 2 2 

depth = 223
 1 1 2 2 2 2 1 1 
  1 1 2 2 2 1 1 
   1 1 2 2 2 1 
    1 1 2 1 2 
     1 2 2 1 
      1 1 1 
       2 1 
        2 
       2 2 
      2 2 2 
     2 2 2 2 
    2 1 2 2 2 
   2 1 0 1 2 1 
  2 1 1 1 1 2 1 
 1 1 1 1 1 1 2 2 

depth = 224
 1 1 2 2 2 2 1 1 
  1 1 2 2 2 1 1 
   1 1 2 2 2 1 
    1 1 2 1 2 
     1 2 2 1 
      1 1 1 
       2 1 
        2 
       2 2 
      2 2 2 
     2 2 2 2 
    2 0 2 2 2 
   2 1 1 1 2 1 
  2 1 1 1 1 2 1 
 1 1 1 1 1 1 2 2 

depth = 225
 1 1 2 2 2 2 1 1 
  1 1 2 2 2 1 1 
   1 1 2 2 2 1 
    1 1 2 1 2 
     1 2 2 1 
      1 1 1 
       2 1 
        2 
       2 2 
      2 2 2 
     2 2 2 2 
    2 0 2 2 2 
   2 1 1 1 2 1 
  2 1 1 1 1 2 2 
 1 1 1 1 1 1 2 1 

depth = 226
 1 1 2 2 2 2 1 1 
  1 1 2 2 2 1 1 
   1 1 2 2 2 1 
    1 1 2 1 2 
     1 2 2 1 
      1 1 1 
       2 1 
        2 
       2 2 
      2 2 2 
     2 2 2 2 
    2 1 2 2 2 
   2 1 2 1 2 2 
  0 1 1 1 1 2 2 
 1 1 1 1 1 1 1 1 

depth = 227
 1 1 2 2 2 2 1 1 
  1 1 2 2 2 1 1 
   1 1 2 2 2 1 
    1 1 2 1 2 
     1 2 2 1 
      1 1 1 
       2 1 
        2 
       2 2 
      2 2 2 
     2 2 2 2 
    2 1 2 2 2 
   2 1 1 1 2 2 
  2 1 1 1 1 2 2 
 0 1 1 1 1 1 1 1 

depth = 228
 1 1 2 2 2 2 1 1 
  1 1 2 2 2 1 1 
   1 1 2 2 2 1 
    1 1 2 1 2 
     1 2 2 1 
      1 1 1 
       2 1 
        2 
       2 2 
      2 2 2 
     2 2 2 2 
    2 1 2 2 2 
   2 1 0 1 2 2 
  2 1 1 1 1 2 2 
 1 1 1 1 1 1 1 1 

depth = 229
 1 1 2 2 2 2 1 1 
  1 1 2 2 2 1 1 
   1 1 2 2 2 1 
    1 1 2 1 2 
     1 2 2 1 
      1 1 1 
       2 1 
        2 
       2 2 
      2 2 2 
     2 2 2 2 
    2 0 2 2 2 
   2 1 1 1 2 2 
  2 1 1 1 1 2 2 
 1 1 1 1 1 1 1 1 

depth = 230
 1 1 2 2 2 2 1 1 
  1 1 2 2 2 1 1 
   1 1 2 2 2 1 
    1 1 2 1 2 
     1 2 2 1 
      1 1 1 
       2 1 
        2 
       2 2 
      2 2 2 
     2 2 2 2 
    2 0 2 2 2 
   2 1 1 1 2 2 
  2 1 1 1 1 1 2 
 1 1 1 1 1 1 1 2 

depth = 231
 1 1 2 2 2 2 1 1 
  1 1 2 2 2 1 1 
   1 1 2 2 2 1 
    1 1 2 1 2 
     1 2 2 1 
      1 1 1 
       2 2 
        2 
       2 2 
      2 2 2 
     2 2 2 2 
    2 1 2 2 2 
   2 1 1 1 2 1 
  0 1 1 1 1 2 1 
 1 1 1 1 1 1 2 2 

depth = 232
 1 1 2 2 2 2 1 1 
  1 1 2 2 2 1 1 
   1 1 2 2 2 1 
    1 1 2 1 2 
     1 2 2 1 
      1 1 1 
       2 2 
        2 
       2 2 
      2 2 2 
     1 2 2 2 
    2 1 2 2 2 
   2 1 1 1 2 2 
  2 1 1 1 1 0 2 
 2 1 1 1 1 1 1 1 

depth = 233
 1 1 2 2 2 2 1 1 
  1 1 2 2 2 1 1 
   1 1 2 2 2 1 
    1 1 2 1 2 
     1 2 2 1 
      1 1 1 
       2 2 
        2 
       2 2 
      2 2 2 
     2 2 2 2 
    2 0 1 2 2 
   2 1 1 1 2 1 
  2 1 1 1 1 2 1 
 1 1 1 1 1 1 2 2 

depth = 234
 1 1 2 2 2 2 1 1 
  1 1 2 2 2 1 1 
   1 1 2 2 2 1 
    1 1 2 1 2 
     1 2 2 1 
      1 1 1 
       2 2 
        2 
       2 2 
      2 2 2 
     2 2 2 2 
    2 0 1 2 2 
   2 1 1 1 2 1 
  2 1 1 1 1 2 2 
 1 1 1 1 1 1 2 1 

depth = 235
 1 1 2 2 2 2 1 1 
  1 1 2 2 2 1 1 
   1 1 2 2 2 1 
    1 1 2 1 2 
     1 2 2 1 
      1 1 1 
       2 2 
        2 
       2 2 
      2 2 2 
     2 2 2 2 
    2 1 2 2 2 
   2 1 1 1 2 2 
  1 1 1 1 1 2 2 
 0 1 1 1 1 1 1 1 

depth = 236
 1 1 2 2 2 2 1 1 
  1 1 2 2 2 1 1 
   1 1 2 2 2 1 
    1 1 2 1 2 
     1 2 2 1 
      1 1 1 
       2 2 
        2 
       2 2 
      2 2 2 
     2 2 2 2 
    2 1 2 2 2 
   2 1 1 1 2 2 
  0 1 1 1 1 2 2 
 1 1 1 1 1 1 1 1 

depth = 237
 1 1 2 2 2 2 1 1 
  1 1 2 2 2 1 1 
   1 1 2 2 2 1 
    1 1 2 1 2 
     1 2 2 1 
      1 1 1 
       2 2 
        2 
       2 2 
      2 2 2 
     2 0 2 2 
    2 2 1 2 2 
   2 1 1 1 2 2 
  2 1 1 1 1 2 2 
 1 1 1 1 1 1 1 1 

depth = 238
 1 1 2 2 2 2 1 1 
  1 1 2 2 2 1 1 
   1 1 2 2 2 1 
    1 1 2 1 2 
     1 2 2 1 
      1 1 1 
       2 2 
        2 
       2 2 
      2 2 2 
     2 2 2 2 
    2 0 1 2 2 
   2 1 1 1 2 2 
  2 1 1 1 1 2 2 
 1 1 1 1 1 1 1 1 

depth = 239
 1 1 2 2 2 2 2 2 
  1 1 2 2 2 1 1 
   1 2 2 2 2 2 
    1 1 2 1 1 
     1 2 2 2 
      1 1 1 
       1 0 
        1 
       1 1 
      1 2 2 
     1 1 2 2 
    2 1 2 1 2 
   2 2 2 1 2 1 
  2 1 1 1 1 2 2 
 2 1 1 1 1 1 2 2 

depth = 240
 1 1 2 2 2 2 2 2 
  1 1 2 2 2 1 1 
   1 2 2 2 2 2 
    1 1 2 1 1 
     1 2 2 2 
      1 1 0 
       1 1 
        1 
       1 1 
      1 2 2 
     1 1 2 2 
    2 1 2 1 2 
   2 2 2 1 2 1 
  2 1 1 1 1 2 2 
 2 1 1 1 1 1 2 2 

depth = 241
 1 1 2 2 2 2 2 2 
  1 1 2 2 2 1 1 
   1 2 2 2 2 2 
    1 1 2 1 0 
     1 2 2 2 
      1 1 1 
       1 1 
        1 
       1 1 
      1 2 2 
     1 1 2 2 
    2 1 2 1 2 
   2 2 2 1 2 1 
  2 1 1 1 1 2 2 
 2 1 1 1 1 1 2 2 

depth = 242
 1 1 2 2 2 2 2 2 
  1 1 2 2 2 1 0 
   1 2 2 2 2 2 
    1 1 2 1 1 
     1 2 2 2 
      1 1 1 
       1 1 
        1 
       1 1 
      1 2 2 
     1 1 2 2 
    2 1 2 1 2 
   2 2 2 1 2 1 
  2 1 1 1 1 2 2 
 2 1 1 1 1 1 2 2 

depth = 243
 1 1 2 2 2 2 2 2 
  1 1 2 2 2 1 2 
   1 2 2 2 2 0 
    1 1 2 1 1 
     1 2 2 2 
      1 1 1 
       1 1 
        1 
       1 1 
      1 2 2 
     1 1 2 2 
    2 1 2 1 2 
   2 2 2 1 2 1 
  2 1 1 1 1 2 2 
 2 1 1 1 1 1 2 2 

depth = 244
 1 1 2 2 2 2 2 2 
  1 1 2 2 2 1 2 
   1 2 2 2 2 2 
    1 1 2 1 1 
     1 2 2 0 
      1 1 1 
       1 1 
        1 
       1 1 
      1 2 2 
     1 1 2 2 
    2 1 2 1 2 
   2 2 2 1 2 1 
  2 1 1 1 1 2 2 
 2 1 1 1 1 1 2 2 

depth = 245
 1 1 2 2 2 2 2 2 
  1 1 2 2 2 1 2 
   1 2 2 2 2 2 
    1 1 2 1 0 
     1 2 2 1 
      1 1 1 
       1 1 
        1 
       1 1 
      1 2 2 
     1 1 2 2 
    2 1 2 1 2 
   2 2 2 1 2 1 
  2 1 1 1 1 2 2 
 2 1 1 1 1 1 2 2 

depth = 246
 1 1 2 2 2 2 2 2 
  1 1 2 2 2 0 2 
   1 2 2 2 2 2 
    1 1 2 1 1 
     1 2 2 1 
      1 1 1 
       1 1 
        1 
       1 1 
      1 2 2 
     1 1 2 2 
    2 1 2 1 2 
   2 2 2 1 2 1 
  2 1 1 1 1 2 2 
 2 1 1 1 1 1 2 2 

depth = 247
 1 1 2 2 2 2 2 2 
  1 1 2 2 2 2 2 
   1 2 2 2 0 2 
    1 1 2 1 1 
     1 2 2 1 
      1 1 1 
       1 1 
        1 
       1 1 
      1 2 2 
     1 1 2 2 
    2 1 2 1 2 
   2 2 2 1 2 1 
  2 1 1 1 1 2 2 
 2 1 1 1 1 1 2 2 

depth = 248
 1 1 2 2 2 2 2 2 
  1 1 2 2 2 2 2 
   1 2 2 2 2 2 
    1 1 2 1 1 
     1 2 0 1 
      1 1 1 
       1 1 
        1 
       1 1 
      1 2 2 
     1 1 2 2 
    2 1 2 1 2 
   2 2 2 1 2 1 
  2 1 1 1 1 2 2 
 2 1 1 1 1 1 2 2 

depth = 249
 1 1 2 2 2 2 2 2 
  1 1 2 2 2 2 2 
   1 2 2 2 2 2 
    1 1 2 0 1 
     1 2 1 1 
      1 1 1 
       1 1 
        1 
       1 1 
      1 2 2 
     1 1 2 2 
    2 1 2 1 2 
   2 2 2 1 2 1 
  2 1 1 1 1 2 2 
 2 1 1 1 1 1 2 2 

depth = 250
 1 1 2 2 2 2 2 2 
  1 1 2 2 2 2 2 
   1 2 2 2 2 0 
    1 1 2 2 1 
     1 2 1 1 
      1 1 1 
       1 1 
        1 
       1 1 
      1 2 2 
     1 1 2 2 
    2 1 2 1 2 
   2 2 2 1 2 1 
  2 1 1 1 1 2 2 
 2 1 1 1 1 1 2 2 

depth = 251
 1 2 2 2 2 2 2 2 
  1 0 2 2 2 2 1 
   1 2 2 2 2 1 
    1 1 2 2 1 
     1 1 1 2 
      1 1 1 
       1 1 
        1 
       1 1 
      1 2 2 
     1 1 2 2 
    2 1 2 1 2 
   2 2 2 1 2 1 
  2 1 1 1 1 2 2 
 2 1 1 1 1 1 2 2 

depth = 252
 1 2 2 2 2 2 2 2 
  1 2 2 2 2 2 1 
   1 0 2 2 2 1 
    1 1 2 2 1 
     1 1 1 2 
      1 1 1 
       1 1 
        1 
       1 1 
      1 2 2 
     1 1 2 2 
    2 1 2 1 2 
   2 2 2 1 2 1 
  2 1 1 1 1 2 2 
 2 1 1 1 1 1 2 2 

depth = 253
 1 2 2 2 2 2 2 2 
  1 1 2 2 2 2 1 
   1 0 2 2 2 1 
    1 1 2 2 1 
     1 2 1 2 
      1 1 2 
       1 1 
        1 
       1 1 
      1 2 1 
     1 1 2 2 
    2 1 2 1 2 
   2 2 2 1 2 1 
  2 1 1 1 1 2 2 
 2 1 1 1 1 1 2 2 

depth = 254
 1 2 2 2 2 2 2 2 
  1 1 2 2 2 2 1 
   1 2 2 2 2 1 
    1 1 2 2 1 
     1 0 1 2 
      1 1 2 
       1 1 
        1 
       1 1 
      1 2 1 
     1 1 2 2 
    2 1 2 1 2 
   2 2 2 1 2 1 
  2 1 1 1 1 2 2 
 2 1 1 1 1 1 2 2 

depth = 255
 1 2 2 2 2 2 2 2 
  1 1 2 2 2 2 1 
   1 2 2 2 2 1 
    1 0 2 2 1 
     1 1 1 2 
      1 1 2 
       1 1 
        1 
       1 1 
      1 2 1 
     1 1 2 2 
    2 1 2 1 2 
   2 2 2 1 2 1 
  2 1 1 1 1 2 2 
 2 1 1 1 1 1 2 2 

depth = 256
 1 2 2 2 2 2 2 2 
  1 0 2 2 2 2 1 
   1 2 2 2 2 1 
    1 1 2 2 1 
     1 1 1 2 
      1 1 2 
       1 1 
        1 
       1 1 
      1 2 1 
     1 1 2 2 
    2 1 2 1 2 
   2 2 2 1 2 1 
  2 1 1 1 1 2 2 
 2 1 1 1 1 1 2 2 

depth = 257
 1 2 2 2 2 2 2 2 
  1 2 2 2 2 2 1 
   1 0 2 2 2 1 
    1 1 2 2 1 
     1 1 1 2 
      1 1 2 
       1 1 
        1 
       1 1 
      1 2 1 
     1 1 2 2 
    2 1 2 1 2 
   2 2 2 1 2 1 
  2 1 1 1 1 2 2 
 2 1 1 1 1 1 2 2 

depth = 258
 1 2 2 2 2 2 2 2 
  1 1 2 2 2 2 1 
   1 2 2 2 2 2 
    1 0 2 2 1 
     1 1 1 2 
      1 1 1 
       1 1 
        1 
       1 1 
      1 2 1 
     1 1 2 2 
    2 1 2 1 2 
   2 2 2 1 2 1 
  2 1 1 1 1 2 2 
 2 1 1 1 1 1 2 2 

depth = 259
 1 2 2 2 2 2 2 2 
  1 0 2 2 2 2 1 
   1 2 2 2 2 2 
    1 1 2 2 1 
     1 1 1 2 
      1 1 1 
       1 1 
        1 
       1 1 
      1 2 1 
     1 1 2 2 
    2 1 2 1 2 
   2 2 2 1 2 1 
  2 1 1 1 1 2 2 
 2 1 1 1 1 1 2 2 

depth = 260
 1 2 2 2 2 2 2 2 
  1 2 2 2 2 2 1 
   1 0 2 2 2 2 
    1 1 2 2 1 
     1 1 1 2 
      1 1 1 
       1 1 
        1 
       1 1 
      1 2 1 
     1 1 2 2 
    2 1 2 1 2 
   2 2 2 1 2 1 
  2 1 1 1 1 2 2 
 2 1 1 1 1 1 2 2 

depth = 261
 1 2 2 2 2 2 2 2 
  1 1 2 2 2 2 2 
   1 2 2 2 2 0 
    1 1 2 2 1 
     1 2 1 1 
      1 1 1 
       1 1 
        1 
       1 1 
      1 2 1 
     1 1 2 2 
    2 1 2 1 2 
   2 2 2 1 2 1 
  2 1 1 1 1 2 2 
 2 1 1 1 1 1 2 2 

depth = 262
 1 2 2 2 2 2 2 2 
  1 1 2 2 2 2 2 
   1 2 2 2 2 1 
    1 1 2 2 1 
     1 0 2 1 
      1 1 1 
       1 1 
        1 
       1 1 
      1 2 1 
     1 1 2 2 
    2 1 2 1 2 
   2 2 2 1 2 1 
  2 1 1 1 1 2 2 
 2 1 1 1 1 1 2 2 

depth = 263
 1 2 2 2 2 2 2 2 
  1 1 2 2 2 2 2 
   1 2 2 2 2 1 
    1 0 2 2 1 
     1 1 2 1 
      1 1 1 
       1 1 
        1 
       1 1 
      1 2 1 
     1 1 2 2 
    2 1 2 1 2 
   2 2 2 1 2 1 
  2 1 1 1 1 2 2 
 2 1 1 1 1 1 2 2 

depth = 264
 1 2 2 2 2 2 2 2 
  1 0 2 2 2 2 2 
   1 2 2 2 2 1 
    1 1 2 2 1 
     1 1 2 1 
      1 1 1 
       1 1 
        1 
       1 1 
      1 2 1 
     1 1 2 2 
    2 1 2 1 2 
   2 2 2 1 2 1 
  2 1 1 1 1 2 2 
 2 1 1 1 1 1 2 2 

depth = 265
 1 2 2 2 2 2 2 2 
  1 2 2 2 2 2 2 
   1 0 2 2 2 1 
    1 1 2 2 1 
     1 1 2 1 
      1 1 1 
       1 1 
        1 
       1 1 
      1 2 1 
     1 1 2 2 
    2 1 2 1 2 
   2 2 2 1 2 1 
  2 1 1 1 1 2 2 
 2 1 1 1 1 1 2 2 

depth = 266
 1 2 2 2 2 2 2 2 
  1 2 2 2 2 2 2 
   1 1 2 2 2 1 
    1 2 2 2 1 
     1 0 1 1 
      1 1 1 
       1 1 
        1 
       1 1 
      1 2 1 
     1 1 2 2 
    2 1 2 1 2 
   2 2 2 1 2 1 
  2 1 1 1 1 2 2 
 2 1 1 1 1 1 2 2 

depth = 267
 1 2 2 2 2 2 2 2 
  1 2 2 2 2 2 2 
   1 0 2 2 2 1 
    1 2 2 2 1 
     1 1 1 1 
      1 1 1 
       1 1 
        1 
       1 1 
      1 2 1 
     1 1 2 2 
    2 1 2 1 2 
   2 2 2 1 2 1 
  2 1 1 1 1 2 2 
 2 1 1 1 1 1 2 2 

depth = 268
 1 1 2 2 2 2 2 2 
  1 1 2 2 2 1 1 
   1 2 2 2 2 1 
    1 1 2 1 1 
     1 2 2 2 
      1 1 1 
       1 2 
        2 
       2 2 
      2 2 2 
     2 2 2 2 
    2 1 1 2 2 
   2 1 1 1 1 2 
  0 1 1 1 1 1 2 
 2 1 1 1 1 1 1 1 

depth = 269
 1 1 2 2 2 2 2 2 
  1 1 2 2 2 1 1 
   1 2 2 2 2 1 
    1 1 2 1 1 
     1 2 2 2 
      1 1 1 
       1 2 
        2 
       2 2 
      2 2 2 
     2 2 2 2 
    2 1 1 2 2 
   2 1 1 1 1 2 
  2 1 1 1 1 1 2 
 0 1 1 1 1 1 1 1 

depth = 270
 1 1 2 2 2 2 2 2 
  1 1 2 2 2 1 1 
   1 2 2 2 2 1 
    1 1 2 1 1 
     1 2 2 2 
      1 1 1 
       1 2 
        2 
       2 2 
      2 2 2 
     2 2 2 2 
    2 1 1 2 2 
   2 1 2 1 1 2 
  0 1 1 1 1 1 2 
 1 1 1 1 1 1 1 1 

depth = 271
 1 1 2 2 2 2 2 2 
  1 1 2 2 2 1 1 
   1 2 2 2 2 1 
    1 1 2 1 1 
     1 2 2 2 
      1 1 1 
       1 2 
        2 
       2 2 
      2 2 2 
     2 2 2 2 
    2 2 1 2 2 
   2 1 1 1 1 2 
  0 1 1 1 1 1 2 
 1 1 1 1 1 1 1 1 

depth = 272
 1 1 2 2 2 2 2 2 
  1 1 2 2 2 1 1 
   1 2 2 2 2 1 
    1 1 2 1 1 
     1 2 2 2 
      1 1 1 
       1 2 
        2 
       2 2 
      2 2 2 
     2 2 2 2 
    2 1 2 2 2 
   2 1 1 1 1 2 
  0 1 1 1 1 1 2 
 1 1 1 1 1 1 1 1 

depth = 273
 1 2 2 2 2 2 2 2 
  1 1 2 2 2 2 1 
   1 0 2 2 2 1 
    1 1 2 2 1 
     1 2 2 2 
      1 1 2 
       1 1 
        2 
       2 1 
      1 1 1 
     1 2 2 2 
    2 1 1 1 2 
   2 1 1 1 2 1 
  2 1 1 1 1 2 2 
 2 1 1 1 1 1 2 2 

depth = 274
 1 2 2 2 2 2 2 2 
  1 1 2 2 2 2 1 
   1 2 2 2 2 1 
    1 1 2 2 1 
     1 0 2 2 
      1 1 2 
       1 1 
        2 
       2 1 
      1 1 1 
     1 2 2 2 
    2 1 1 1 2 
   2 1 1 1 2 1 
  2 1 1 1 1 2 2 
 2 1 1 1 1 1 2 2 

depth = 275
 1 2 2 2 2 2 2 2 
  1 1 2 2 2 2 1 
   1 2 2 2 2 1 
    1 0 2 2 1 
     1 1 2 2 
      1 1 2 
       1 1 
        2 
       2 1 
      1 1 1 
     1 2 2 2 
    2 1 1 1 2 
   2 1 1 1 2 1 
  2 1 1 1 1 2 2 
 2 1 1 1 1 1 2 2 

depth = 276
 1 2 2 2 2 2 2 2 
  1 0 2 2 2 2 1 
   1 2 2 2 2 1 
    1 1 2 2 1 
     1 1 2 2 
      1 1 2 
       1 1 
        2 
       2 1 
      1 1 1 
     1 2 2 2 
    2 1 1 1 2 
   2 1 1 1 2 1 
  2 1 1 1 1 2 2 
 2 1 1 1 1 1 2 2 

depth = 277
 1 2 2 2 2 2 2 2 
  1 2 2 2 2 2 1 
   1 0 2 2 2 1 
    1 1 2 2 1 
     1 1 2 2 
      1 1 2 
       1 1 
        2 
       2 1 
      1 1 1 
     1 2 2 2 
    2 1 1 1 2 
   2 1 1 1 2 1 
  2 1 1 1 1 2 2 
 2 1 1 1 1 1 2 2 

depth = 278
 1 1 2 2 2 2 2 2 
  1 1 2 2 2 2 1 
   1 2 2 2 2 1 
    1 1 2 2 1 
     1 2 2 2 
      2 1 2 
       1 2 
        1 
       2 2 
      1 1 1 
     1 0 2 2 
    2 1 1 1 2 
   2 1 1 1 1 1 
  2 1 1 1 1 2 2 
 2 1 1 1 1 1 2 2 

depth = 279
 1 1 2 2 2 2 2 2 
  1 1 2 2 2 2 1 
   1 2 2 2 2 1 
    1 1 2 2 1 
     1 2 2 2 
      2 1 2 
       1 2 
        1 
       2 2 
      1 0 1 
     1 1 2 2 
    2 1 1 1 2 
   2 1 1 1 1 1 
  2 1 1 1 1 2 2 
 2 1 1 1 1 1 2 2 

depth = 280
 1 1 2 2 2 2 2 2 
  1 1 2 2 2 2 1 
   1 2 2 2 2 1 
    1 1 2 2 1 
     1 2 2 2 
      2 1 2 
       1 2 
        1 
       2 2 
      1 2 1 
     1 1 0 2 
    2 1 1 1 2 
   2 1 1 1 1 1 
  2 1 1 1 1 2 2 
 2 1 1 1 1 1 2 2 

depth = 281
 1 1 2 2 2 2 2 2 
  1 1 2 2 2 2 1 
   1 2 2 2 2 1 
    1 1 2 2 1 
     1 2 2 2 
      2 1 2 
       1 2 
        1 
       2 2 
      1 2 0 
     1 1 1 2 
    2 1 1 1 2 
   2 1 1 1 1 1 
  2 1 1 1 1 2 2 
 2 1 1 1 1 1 2 2 

depth = 282
 1 1 2 2 2 2 2 2 
  1 1 2 2 2 2 1 
   1 2 2 2 2 1 
    1 1 2 2 1 
     1 2 2 2 
      2 1 2 
       1 2 
        0 
       2 2 
      1 2 1 
     1 1 1 2 
    2 1 1 1 2 
   2 1 1 1 1 1 
  2 1 1 1 1 2 2 
 2 1 1 1 1 1 2 2 

depth = 283
 1 1 2 2 2 2 2 2 
  1 1 2 2 2 2 1 
   1 2 2 2 2 1 
    1 1 2 2 1 
     1 2 2 2 
      2 1 2 
       0 2 
        1 
       2 2 
      1 2 1 
     1 1 1 2 
    2 1 1 1 2 
   2 1 1 1 1 1 
  2 1 1 1 1 2 2 
 2 1 1 1 1 1 2 2 

depth = 284
 1 1 2 2 2 2 2 2 
  1 1 2 2 2 2 1 
   1 2 2 2 2 1 
    1 1 2 2 1 
     0 2 2 2 
      2 1 2 
       1 2 
        1 
       2 2 
      1 2 1 
     1 1 1 2 
    2 1 1 1 2 
   2 1 1 1 1 1 
  2 1 1 1 1 2 2 
 2 1 1 1 1 1 2 2 

depth = 285
 1 1 2 2 2 2 2 2 
  1 1 2 2 2 2 1 
   1 2 2 2 2 1 
    1 0 2 2 1 
     1 2 2 2 
      2 1 2 
       1 2 
        1 
       2 2 
      1 2 1 
     1 1 1 2 
    2 1 1 1 2 
   2 1 1 1 1 1 
  2 1 1 1 1 2 2 
 2 1 1 1 1 1 2 2 

depth = 286
 1 1 2 2 2 2 2 2 
  1 0 2 2 2 2 1 
   1 2 2 2 2 1 
    1 1 2 2 1 
     1 2 2 2 
      2 1 2 
       1 2 
        1 
       2 2 
      1 2 1 
     1 1 1 2 
    2 1 1 1 2 
   2 1 1 1 1 1 
  2 1 1 1 1 2 2 
 2 1 1 1 1 1 2 2 

depth = 287
 1 0 2 2 2 2 2 2 
  1 1 2 2 2 2 1 
   1 2 2 2 2 1 
    1 1 2 2 1 
     1 2 2 2 
      2 1 2 
       1 2 
        1 
       2 2 
      1 2 1 
     1 1 1 2 
    2 1 1 1 2 
   2 1 1 1 1 1 
  2 1 1 1 1 2 2 
 2 1 1 1 1 1 2 2 

depth = 288
 1 2 2 2 2 2 2 2 
  1 1 2 2 2 2 1 
   1 0 2 2 2 1 
    1 1 2 2 1 
     1 2 2 2 
      2 1 2 
       1 2 
        1 
       2 2 
      1 2 1 
     1 1 1 2 
    2 1 1 1 2 
   2 1 1 1 1 1 
  2 1 1 1 1 2 2 
 2 1 1 1 1 1 2 2 

depth = 289
 1 2 2 2 2 2 2 2 
  1 1 2 2 2 2 1 
   1 2 2 2 2 1 
    1 1 2 2 1 
     1 0 2 2 
      2 1 2 
       1 2 
        1 
       2 2 
      1 2 1 
     1 1 1 2 
    2 1 1 1 2 
   2 1 1 1 1 1 
  2 1 1 1 1 2 2 
 2 1 1 1 1 1 2 2 

depth = 290
 1 2 2 2 2 2 2 2 
  1 1 2 2 2 2 1 
   1 2 2 2 2 1 
    1 1 2 2 1 
     1 2 2 2 
      2 1 2 
       1 0 
        1 
       2 2 
      1 2 1 
     1 1 1 2 
    2 1 1 1 2 
   2 1 1 1 1 1 
  2 1 1 1 1 2 2 
 2 1 1 1 1 1 2 2 

depth = 291
 1 2 2 2 2 2 2 2 
  1 1 2 2 2 2 1 
   1 2 2 2 2 1 
    1 1 2 2 1 
     1 2 2 2 
      2 1 2 
       1 2 
        1 
       0 2 
      1 2 1 
     1 1 1 2 
    2 1 1 1 2 
   2 1 1 1 1 1 
  2 1 1 1 1 2 2 
 2 1 1 1 1 1 2 2 

depth = 292
 1 2 2 2 2 2 2 2 
  1 1 2 2 2 2 1 
   1 2 2 2 2 1 
    1 1 2 2 1 
     1 2 2 2 
      2 1 2 
       1 2 
        0 
       1 2 
      1 2 1 
     1 1 1 2 
    2 1 1 1 2 
   2 1 1 1 1 1 
  2 1 1 1 1 2 2 
 2 1 1 1 1 1 2 2 

depth = 293
 1 2 2 2 2 2 2 2 
  1 1 2 2 2 2 1 
   1 2 2 2 2 1 
    1 1 2 2 1 
     1 2 2 2 
      2 1 2 
       0 2 
        1 
       1 2 
      1 2 1 
     1 1 1 2 
    2 1 1 1 2 
   2 1 1 1 1 1 
  2 1 1 1 1 2 2 
 2 1 1 1 1 1 2 2 

depth = 294
 1 2 2 2 2 2 2 2 
  1 1 2 2 2 2 1 
   1 2 2 2 2 1 
    1 1 2 2 1 
     0 2 2 2 
      2 1 2 
       1 2 
        1 
       1 2 
      1 2 1 
     1 1 1 2 
    2 1 1 1 2 
   2 1 1 1 1 1 
  2 1 1 1 1 2 2 
 2 1 1 1 1 1 2 2 

depth = 295
 1 2 2 2 2 2 2 2 
  1 1 2 2 2 2 1 
   1 2 2 2 2 1 
    1 0 2 2 1 
     1 2 2 2 
      2 1 2 
       1 2 
        1 
       1 2 
      1 2 1 
     1 1 1 2 
    2 1 1 1 2 
   2 1 1 1 1 1 
  2 1 1 1 1 2 2 
 2 1 1 1 1 1 2 2 

depth = 296
 1 2 2 2 2 2 2 2 
  1 0 2 2 2 2 1 
   1 2 2 2 2 1 
    1 1 2 2 1 
     1 2 2 2 
      2 1 2 
       1 2 
        1 
       1 2 
      1 2 1 
     1 1 1 2 
    2 1 1 1 2 
   2 1 1 1 1 1 
  2 1 1 1 1 2 2 
 2 1 1 1 1 1 2 2 

depth = 297
 1 2 2 2 2 2 2 2 
  1 2 2 2 2 2 1 
   1 0 2 2 2 1 
    1 1 2 2 1 
     1 2 2 2 
      2 1 2 
       1 2 
        1 
       1 2 
      1 2 1 
     1 1 1 2 
    2 1 1 1 2 
   2 1 1 1 1 1 
  2 1 1 1 1 2 2 
 2 1 1 1 1 1 2 2 

depth = 298
 1 2 2 2 2 2 2 2 
  1 2 2 2 2 2 1 
   1 2 2 2 2 1 
    1 1 2 2 1 
     1 0 2 2 
      2 1 2 
       1 2 
        1 
       1 2 
      1 2 1 
     1 1 1 2 
    2 1 1 1 2 
   2 1 1 1 1 1 
  2 1 1 1 1 2 2 
 2 1 1 1 1 1 2 2 

depth = 299
 1 2 2 2 2 2 2 2 
  1 2 2 2 2 2 1 
   1 2 2 2 2 1 
    1 1 2 2 1 
     1 2 2 2 
      2 1 2 
       1 0 
        1 
       1 2 
      1 2 1 
     1 1 1 2 
    2 1 1 1 2 
   2 1 1 1 1 1 
  2 1 1 1 1 2 2 
 2 1 1 1 1 1 2 2 

depth = 300
 1 2 2 2 2 2 2 2 
  1 2 2 2 2 2 1 
   1 2 2 2 2 1 
    1 1 2 2 1 
     1 2 2 2 
      2 0 2 
       1 1 
        1 
       1 2 
      1 2 1 
     1 1 1 2 
    2 1 1 1 2 
   2 1 1 1 1 1 
  2 1 1 1 1 2 2 
 2 1 1 1 1 1 2 2 

depth = 301
 1 2 2 2 2 2 2 2 
  1 2 2 2 2 2 1 
   1 2 2 2 2 1 
    1 0 2 2 1 
     1 2 2 2 
      2 1 2 
       1 1 
        1 
       1 2 
      1 2 1 
     1 1 1 2 
    2 1 1 1 2 
   2 1 1 1 1 1 
  2 1 1 1 1 2 2 
 2 1 1 1 1 1 2 2 

depth = 302
 1 2 2 2 2 2 2 2 
  1 2 2 2 2 2 1 
   1 2 2 2 2 1 
    1 2 2 2 1 
     1 0 2 2 
      2 1 2 
       1 1 
        1 
       1 2 
      1 2 1 
     1 1 1 2 
    2 1 1 1 2 
   2 1 1 1 1 1 
  2 1 1 1 1 2 2 
 2 1 1 1 1 1 2 2 

depth = 303
 1 2 2 2 2 2 2 2 
  1 2 2 2 2 2 1 
   1 2 2 2 2 1 
    1 2 2 2 1 
     1 2 2 2 
      0 1 2 
       1 1 
        1 
       1 2 
      1 2 1 
     1 1 1 2 
    2 1 1 1 2 
   2 1 1 1 1 1 
  2 1 1 1 1 2 2 
 2 1 1 1 1 1 2 2 

depth = 304
 1 2 2 2 2 2 2 2 
  1 2 2 2 2 2 1 
   1 2 2 2 2 1 
    1 2 2 2 1 
     0 2 2 2 
      1 1 2 
       1 1 
        1 
       1 2 
      1 2 1 
     1 1 1 2 
    2 1 1 1 2 
   2 1 1 1 1 1 
  2 1 1 1 1 2 2 
 2 1 1 1 1 1 2 2 

depth = 305
 1 2 2 2 2 2 2 2 
  1 2 2 2 2 2 1 
   1 2 2 2 2 1 
    0 2 2 2 1 
     1 2 2 2 
      1 1 2 
       1 1 
        1 
       1 2 
      1 2 1 
     1 1 1 2 
    2 1 1 1 2 
   2 1 1 1 1 1 
  2 1 1 1 1 2 2 
 2 1 1 1 1 1 2 2 

depth = 306
 1 2 2 2 2 2 2 2 
  1 2 2 2 2 2 1 
   0 2 2 2 2 1 
    1 2 2 2 1 
     1 2 2 2 
      1 1 2 
       1 1 
        1 
       1 2 
      1 2 1 
     1 1 1 2 
    2 1 1 1 2 
   2 1 1 1 1 1 
  2 1 1 1 1 2 2 
 2 1 1 1 1 1 2 2 

depth = 307
 1 2 2 2 2 2 2 2 
  0 2 2 2 2 2 1 
   1 2 2 2 2 1 
    1 2 2 2 1 
     1 2 2 2 
      1 1 2 
       1 1 
        1 
       1 2 
      1 2 1 
     1 1 1 2 
    2 1 1 1 2 
   2 1 1 1 1 1 
  2 1 1 1 1 2 2 
 2 1 1 1 1 1 2 2 

depth = 308
 0 2 2 2 2 2 2 2 
  1 2 2 2 2 2 1 
   1 2 2 2 2 1 
    1 2 2 2 1 
     1 2 2 2 
      1 1 2 
       1 1 
        1 
       1 2 
      1 2 1 
     1 1 1 2 
    2 1 1 1 2 
   2 1 1 1 1 1 
  2 1 1 1 1 2 2 
 2 1 1 1 1 1 2 2 

depth = 309
 2 2 2 2 2 2 2 2 
  1 2 2 2 2 2 1 
   1 2 2 2 2 1 
    1 2 2 2 1 
     1 0 2 2 
      1 1 2 
       1 1 
        1 
       1 2 
      1 2 1 
     1 1 1 2 
    2 1 1 1 2 
   2 1 1 1 1 1 
  2 1 1 1 1 2 2 
 2 1 1 1 1 1 2 2 

depth = 310
 1 2 2 2 2 2 2 2 
  1 1 2 2 2 2 1 
   1 2 2 2 2 1 
    1 1 2 2 1 
     1 2 2 2 
      2 1 2 
       2 2 
        2 
       1 0 
      1 2 2 
     1 1 1 1 
    2 1 1 2 2 
   2 1 1 1 1 2 
  2 1 1 1 1 1 2 
 2 1 1 1 1 1 1 1 

depth = 311
 1 2 2 2 2 2 2 2 
  1 1 2 2 2 2 1 
   1 2 2 2 2 1 
    1 1 2 2 1 
     1 2 2 2 
      2 1 2 
       2 2 
        2 
       1 2 
      1 0 2 
     1 1 1 1 
    2 1 1 2 2 
   2 1 1 1 1 2 
  2 1 1 1 1 1 2 
 2 1 1 1 1 1 1 1 

depth = 312
 1 2 2 2 2 2 2 2 
  1 1 2 2 2 2 1 
   1 2 2 2 2 1 
    1 1 2 2 1 
     1 2 2 2 
      2 1 2 
       2 2 
        2 
       1 2 
      1 2 2 
     1 1 1 1 
    2 1 1 0 2 
   2 1 1 1 1 2 
  2 1 1 1 1 1 2 
 2 1 1 1 1 1 1 1 

depth = 313
 1 2 2 2 2 2 2 2 
  1 1 2 2 2 2 1 
   1 2 2 2 2 1 
    1 1 2 2 1 
     1 2 2 2 
      2 1 2 
       2 2 
        2 
       1 2 
      1 2 2 
     1 1 1 0 
    2 1 1 1 2 
   2 1 1 1 1 2 
  2 1 1 1 1 1 2 
 2 1 1 1 1 1 1 1 

depth = 314
 1 2 2 2 2 2 2 2 
  1 1 2 2 2 2 1 
   1 2 2 2 2 1 
    1 1 2 2 1 
     1 2 2 2 
      2 1 2 
       2 2 
        2 
       1 2 
      1 2 2 
     1 1 1 2 
    2 1 1 1 0 
   2 1 1 1 1 2 
  2 1 1 1 1 1 2 
 2 1 1 1 1 1 1 1 

depth = 315
 1 2 2 2 2 2 2 2 
  1 1 2 2 2 2 1 
   1 2 2 2 2 1 
    1 1 2 2 1 
     1 2 2 2 
      2 1 2 
       2 2 
        2 
       1 2 
      1 2 2 
     1 1 1 2 
    2 1 1 1 2 
   2 1 1 1 1 0 
  2 1 1 1 1 1 2 
 2 1 1 1 1 1 1 1 

depth = 316
 1 2 2 2 2 2 2 2 
  1 1 2 2 2 2 1 
   1 2 2 2 2 1 
    1 1 2 2 1 
     1 2 2 2 
      2 1 2 
       2 2 
        2 
       1 2 
      1 2 2 
     1 1 1 2 
    2 1 1 1 2 
   2 1 1 1 1 2 
  2 1 1 1 1 1 0 
 2 1 1 1 1 1 1 1 

depth = 317
 1 2 2 2 2 2 2 2 
  1 1 2 2 2 2 1 
   1 2 2 2 2 1 
    1 1 2 2 1 
     1 2 2 2 
      2 1 2 
       2 2 
        2 
       1 2 
      1 2 2 
     1 1 1 2 
    2 1 1 2 2 
   2 1 1 1 1 0 
  2 1 1 1 1 1 1 
 2 1 1 1 1 1 1 1 

depth = 318
 1 2 2 2 2 2 2 2 
  1 1 2 2 2 2 1 
   1 2 2 2 2 1 
    1 1 2 2 1 
     1 2 2 2 
      2 1 2 
       2 2 
        2 
       2 2 
      1 0 2 
     1 1 1 2 
    2 1 1 1 2 
   2 1 1 1 1 1 
  2 1 1 1 1 1 2 
 2 1 1 1 1 1 1 1 

depth = 319
 1 2 2 2 2 2 2 2 
  1 1 2 2 2 2 1 
   1 2 2 2 2 1 
    1 1 2 2 1 
     1 2 2 2 
      2 1 2 
       2 2 
        2 
       1 2 
      1 2 2 
     1 1 0 2 
    2 1 1 1 2 
   2 1 1 1 1 2 
  2 1 1 1 1 1 1 
 2 1 1 1 1 1 1 1 

depth = 320
 1 2 2 2 2 2 2 2 
  1 1 2 2 2 2 1 
   1 2 2 2 2 1 
    1 1 2 2 1 
     1 2 2 2 
      2 1 2 
       2 2 
        2 
       0 2 
      1 2 2 
     1 1 1 2 
    2 1 1 1 2 
   2 1 1 1 1 2 
  2 1 1 1 1 1 1 
 2 1 1 1 1 1 1 1 

depth = 321
 1 2 2 2 2 2 2 2 
  1 1 2 2 2 2 1 
   1 2 2 2 2 1 
    1 1 2 2 1 
     1 2 2 2 
      2 1 2 
       2 2 
        2 
       2 2 
      1 0 2 
     1 1 1 2 
    2 1 1 1 2 
   2 1 1 1 1 2 
  2 1 1 1 1 1 1 
 2 1 1 1 1 1 1 1 

depth = 322
 2 2 2 2 2 2 2 2 
  1 2 2 2 2 2 1 
   2 2 2 2 2 1 
    1 2 2 2 1 
     1 2 2 2 
      1 1 2 
       1 0 
        1 
       1 1 
      1 2 1 
     1 1 1 1 
    2 1 1 1 2 
   2 1 1 1 1 1 
  2 1 1 1 1 2 2 
 2 1 1 1 1 1 2 2 

depth = 323
 2 2 2 2 2 2 2 2 
  1 2 2 2 2 2 1 
   2 2 2 2 2 1 
    1 2 2 2 1 
     1 2 2 2 
      1 0 2 
       1 1 
        1 
       1 1 
      1 2 1 
     1 1 1 1 
    2 1 1 1 2 
   2 1 1 1 1 1 
  2 1 1 1 1 2 2 
 2 1 1 1 1 1 2 2 

depth = 324
 2 2 2 2 2 2 2 2 
  0 2 2 2 2 2 1 
   1 2 2 2 2 1 
    1 2 2 2 1 
     1 2 2 2 
      1 2 2 
       1 1 
        1 
       1 1 
      1 2 1 
     1 1 1 1 
    2 1 1 1 2 
   2 1 1 1 1 1 
  2 1 1 1 1 2 2 
 2 1 1 1 1 1 2 2 

depth = 325
 2 2 2 2 2 2 2 2 
  1 2 2 2 2 2 1 
   2 2 2 2 2 1 
    1 1 2 2 1 
     2 2 2 2 
      1 0 2 
       1 2 
        1 
       1 1 
      1 1 1 
     1 1 1 1 
    2 1 1 1 2 
   2 1 1 1 1 1 
  2 1 1 1 1 2 2 
 2 1 1 1 1 1 2 2 

depth = 326
 2 2 2 2 2 2 2 2 
  1 2 2 2 2 2 1 
   2 2 2 2 2 1 
    1 0 2 2 1 
     2 2 2 2 
      1 1 2 
       1 2 
        1 
       1 1 
      1 1 1 
     1 1 1 1 
    2 1 1 1 2 
   2 1 1 1 1 1 
  2 1 1 1 1 2 2 
 2 1 1 1 1 1 2 2 

depth = 327
 2 2 2 2 2 2 2 2 
  1 2 2 2 2 2 1 
   2 2 2 2 2 1 
    1 2 2 2 1 
     0 2 2 2 
      1 1 2 
       1 2 
        1 
       1 1 
      1 1 1 
     1 1 1 1 
    2 1 1 1 2 
   2 1 1 1 1 1 
  2 1 1 1 1 2 2 
 2 1 1 1 1 1 2 2 

depth = 328
 2 2 2 2 2 2 2 2 
  1 2 2 2 2 2 1 
   2 2 2 2 2 1 
    0 2 2 2 1 
     1 2 2 2 
      1 1 2 
       1 2 
        1 
       1 1 
      1 1 1 
     1 1 1 1 
    2 1 1 1 2 
   2 1 1 1 1 1 
  2 1 1 1 1 2 2 
 2 1 1 1 1 1 2 2 

depth = 329
 2 2 2 2 2 2 2 2 
  0 2 2 2 2 2 1 
   2 2 2 2 2 1 
    1 2 2 2 1 
     1 2 2 2 
      1 1 2 
       1 2 
        1 
       1 1 
      1 1 1 
     1 1 1 1 
    2 1 1 1 2 
   2 1 1 1 1 1 
  2 1 1 1 1 2 2 
 2 1 1 1 1 1 2 2 

depth = 330
 2 2 2 2 2 2 2 2 
  2 2 2 2 2 2 1 
   0 2 2 2 2 1 
    1 2 2 2 1 
     1 2 2 2 
      1 1 2 
       1 2 
        1 
       1 1 
      1 1 1 
     1 1 1 1 
    2 1 1 1 2 
   2 1 1 1 1 1 
  2 1 1 1 1 2 2 
 2 1 1 1 1 1 2 2 

depth = 331
 2 2 2 2 2 2 2 2 
  2 2 2 2 2 2 1 
   2 2 2 2 2 1 
    1 2 2 2 1 
     1 0 2 2 
      1 1 2 
       1 2 
        1 
       1 1 
      1 1 1 
     1 1 1 1 
    2 1 1 1 2 
   2 1 1 1 1 1 
  2 1 1 1 1 2 2 
 2 1 1 1 1 1 2 2 

depth = 332
 2 2 2 2 2 2 2 2 
  2 2 2 2 2 2 1 
   2 2 2 2 2 1 
    1 2 2 2 1 
     1 2 2 2 
      1 1 2 
       1 0 
        1 
       1 1 
      1 1 1 
     1 1 1 1 
    2 1 1 1 2 
   2 1 1 1 1 1 
  2 1 1 1 1 2 2 
 2 1 1 1 1 1 2 2 

depth = 333
 2 2 2 2 2 2 2 2 
  2 2 2 2 2 2 1 
   2 2 2 2 2 1 
    1 2 2 2 1 
     1 2 2 2 
      1 0 2 
       1 1 
        1 
       1 1 
      1 1 1 
     1 1 1 1 
    2 1 1 1 2 
   2 1 1 1 1 1 
  2 1 1 1 1 2 2 
 2 1 1 1 1 1 2 2 

depth = 334
 2 2 2 2 2 2 2 2 
  1 2 2 2 2 2 1 
   2 2 2 2 2 1 
    1 2 2 2 1 
     1 2 2 2 
      1 1 2 
       1 0 
        1 
       1 1 
      1 2 2 
     1 1 1 1 
    2 1 1 2 2 
   2 1 1 1 1 2 
  2 1 1 1 1 1 2 
 2 1 1 1 1 1 1 1 

depth = 335
 2 2 2 2 2 2 2 2 
  1 2 2 2 2 2 1 
   2 2 2 2 2 1 
    1 2 2 2 1 
     1 2 2 2 
      1 0 2 
       1 1 
        1 
       1 1 
      1 2 2 
     1 1 1 1 
    2 1 1 2 2 
   2 1 1 1 1 2 
  2 1 1 1 1 1 2 
 2 1 1 1 1 1 1 1 

depth = 336
 2 2 2 2 2 2 2 2 
  0 2 2 2 2 2 1 
   1 2 2 2 2 1 
    1 2 2 2 1 
     1 2 2 2 
      1 2 2 
       1 1 
        1 
       1 1 
      1 2 2 
     1 1 1 1 
    2 1 1 2 2 
   2 1 1 1 1 2 
  2 1 1 1 1 1 2 
 2 1 1 1 1 1 1 1 

depth = 337
 2 2 2 2 2 2 2 2 
  1 2 2 2 2 2 1 
   2 2 2 2 2 1 
    1 1 2 2 1 
     0 2 2 2 
      1 1 2 
       2 2 
        1 
       1 1 
      1 2 2 
     1 1 1 1 
    2 1 1 1 2 
   2 1 1 1 1 2 
  2 1 1 1 1 1 2 
 2 1 1 1 1 1 1 1 

depth = 338
 2 2 2 2 2 2 2 2 
  1 2 2 2 2 2 1 
   2 2 2 2 2 1 
    1 1 2 2 1 
     2 2 2 2 
      1 1 2 
       0 2 
        1 
       1 1 
      1 2 2 
     1 1 1 1 
    2 1 1 1 2 
   2 1 1 1 1 2 
  2 1 1 1 1 1 2 
 2 1 1 1 1 1 1 1 

depth = 339
 2 2 2 2 2 2 2 2 
  1 2 2 2 2 2 1 
   2 2 2 2 2 1 
    1 1 2 2 1 
     2 2 2 2 
      1 0 2 
       1 2 
        1 
       1 1 
      1 2 2 
     1 1 1 1 
    2 1 1 1 2 
   2 1 1 1 1 2 
  2 1 1 1 1 1 2 
 2 1 1 1 1 1 1 1 

depth = 340
 2 2 2 2 2 2 2 2 
  1 2 2 2 2 2 1 
   2 2 2 2 2 1 
    1 0 2 2 1 
     2 2 2 2 
      1 1 2 
       1 2 
        1 
       1 1 
      1 2 2 
     1 1 1 1 
    2 1 1 1 2 
   2 1 1 1 1 2 
  2 1 1 1 1 1 2 
 2 1 1 1 1 1 1 1 

depth = 341
 2 2 2 2 2 2 2 2 
  1 2 2 2 2 2 1 
   2 2 2 2 2 1 
    1 2 2 2 1 
     0 2 2 2 
      1 1 2 
       1 2 
        1 
       1 1 
      1 2 2 
     1 1 1 1 
    2 1 1 1 2 
   2 1 1 1 1 2 
  2 1 1 1 1 1 2 
 2 1 1 1 1 1 1 1 

depth = 342
 2 2 2 2 2 2 2 2 
  1 2 2 2 2 2 1 
   2 2 2 2 2 1 
    0 2 2 2 1 
     1 2 2 2 
      1 1 2 
       1 2 
        1 
       1 1 
      1 2 2 
     1 1 1 1 
    2 1 1 1 2 
   2 1 1 1 1 2 
  2 1 1 1 1 1 2 
 2 1 1 1 1 1 1 1 

depth = 343
 2 2 2 2 2 2 2 2 
  0 2 2 2 2 2 1 
   2 2 2 2 2 1 
    1 2 2 2 1 
     1 2 2 2 
      1 1 2 
       1 2 
        1 
       1 1 
      1 2 2 
     1 1 1 1 
    2 1 1 1 2 
   2 1 1 1 1 2 
  2 1 1 1 1 1 2 
 2 1 1 1 1 1 1 1 

depth = 344
 2 2 2 2 2 2 2 2 
  2 2 2 2 2 2 1 
   0 2 2 2 2 1 
    1 2 2 2 1 
     1 2 2 2 
      1 1 2 
       1 2 
        1 
       1 1 
      1 2 2 
     1 1 1 1 
    2 1 1 1 2 
   2 1 1 1 1 2 
  2 1 1 1 1 1 2 
 2 1 1 1 1 1 1 1 

depth = 345
 2 2 2 2 2 2 2 2 
  2 2 2 2 2 2 1 
   2 2 2 2 2 1 
    1 2 2 2 1 
     1 0 2 2 
      1 1 2 
       1 2 
        1 
       1 1 
      1 2 2 
     1 1 1 1 
    2 1 1 1 2 
   2 1 1 1 1 2 
  2 1 1 1 1 1 2 
 2 1 1 1 1 1 1 1 

depth = 346
 2 2 2 2 2 2 2 2 
  2 2 2 2 2 2 1 
   2 2 2 2 2 1 
    1 2 2 2 1 
     1 2 2 2 
      1 1 2 
       1 0 
        1 
       1 1 
      1 2 2 
     1 1 1 1 
    2 1 1 1 2 
   2 1 1 1 1 2 
  2 1 1 1 1 1 2 
 2 1 1 1 1 1 1 1 

depth = 347
 2 2 2 2 2 2 2 2 
  2 2 2 2 2 2 1 
   2 2 2 2 2 1 
    1 2 2 2 1 
     1 2 2 2 
      1 0 2 
       1 1 
        1 
       1 1 
      1 2 2 
     1 1 1 1 
    2 1 1 1 2 
   2 1 1 1 1 2 
  2 1 1 1 1 1 2 
 2 1 1 1 1 1 1 1 

depth = 348
 2 2 2 2 2 2 2 2 
  2 2 2 2 2 2 1 
   2 2 2 2 2 1 
    1 1 2 2 1 
     2 2 2 2 
      1 1 2 
       0 2 
        1 
       1 1 
      1 1 2 
     1 1 1 1 
    2 1 1 1 2 
   2 1 1 1 1 2 
  2 1 1 1 1 1 2 
 2 1 1 1 1 1 1 1 

depth = 349
 2 2 2 2 2 2 2 2 
  2 2 2 2 2 2 1 
   2 2 2 2 2 1 
    1 1 2 2 1 
     2 2 2 2 
      1 0 2 
       1 2 
        1 
       1 1 
      1 1 2 
     1 1 1 1 
    2 1 1 1 2 
   2 1 1 1 1 2 
  2 1 1 1 1 1 2 
 2 1 1 1 1 1 1 1 

depth = 350
 2 2 2 2 2 2 2 2 
  2 2 2 2 2 2 1 
   2 2 2 2 2 1 
    1 0 2 2 1 
     2 2 2 2 
      1 1 2 
       1 2 
        1 
       1 1 
      1 1 2 
     1 1 1 1 
    2 1 1 1 2 
   2 1 1 1 1 2 
  2 1 1 1 1 1 2 
 2 1 1 1 1 1 1 1 

depth = 351
 2 2 2 2 2 2 2 2 
  2 2 2 2 2 2 1 
   2 2 2 2 2 1 
    1 2 2 2 1 
     0 2 2 2 
      1 1 2 
       1 2 
        1 
       1 1 
      1 1 2 
     1 1 1 1 
    2 1 1 1 2 
   2 1 1 1 1 2 
  2 1 1 1 1 1 2 
 2 1 1 1 1 1 1 1 

depth = 352
 2 2 2 2 2 2 2 2 
  2 2 2 2 2 2 1 
   2 2 2 2 2 1 
    0 2 2 2 1 
     1 2 2 2 
      1 1 2 
       1 2 
        1 
       1 1 
      1 1 2 
     1 1 1 1 
    2 1 1 1 2 
   2 1 1 1 1 2 
  2 1 1 1 1 1 2 
 2 1 1 1 1 1 1 1 

depth = 353
 2 2 2 2 2 2 2 2 
  2 2 2 2 2 2 1 
   2 2 2 2 2 1 
    1 2 2 2 1 
     2 2 2 2 
      1 0 2 
       1 1 
        1 
       1 1 
      1 1 2 
     1 1 1 1 
    2 1 1 1 2 
   2 1 1 1 1 2 
  2 1 1 1 1 1 2 
 2 1 1 1 1 1 1 1 

depth = 354
 2 2 2 2 2 2 2 2 
  2 2 2 2 2 2 1 
   2 2 2 2 2 1 
    2 2 2 2 1 
     1 2 2 2 
      1 1 2 
       1 0 
        1 
       1 1 
      1 1 2 
     1 1 1 1 
    2 1 1 1 2 
   2 1 1 1 1 2 
  2 1 1 1 1 1 2 
 2 1 1 1 1 1 1 1 

depth = 355
 2 2 2 2 2 2 2 2 
  2 2 2 2 2 2 1 
   2 2 2 2 2 1 
    2 2 2 2 1 
     1 2 2 2 
      1 0 2 
       1 1 
        1 
       1 1 
      1 1 2 
     1 1 1 1 
    2 1 1 1 2 
   2 1 1 1 1 2 
  2 1 1 1 1 1 2 
 2 1 1 1 1 1 1 1 

depth = 356
 2 2 2 2 2 2 2 2 
  2 2 2 2 2 2 1 
   2 2 2 2 2 1 
    2 1 2 2 1 
     2 2 2 2 
      1 0 2 
       1 2 
        1 
       1 1 
      1 1 1 
     1 1 1 1 
    2 1 1 1 2 
   2 1 1 1 1 2 
  2 1 1 1 1 1 2 
 2 1 1 1 1 1 1 1 

depth = 357
 2 2 2 2 2 2 2 2 
  2 2 2 2 2 2 1 
   2 2 2 2 2 1 
    2 0 2 2 1 
     2 2 2 2 
      1 1 2 
       1 2 
        1 
       1 1 
      1 1 1 
     1 1 1 1 
    2 1 1 1 2 
   2 1 1 1 1 2 
  2 1 1 1 1 1 2 
 2 1 1 1 1 1 1 1 

depth = 358
 2 2 2 2 2 2 2 2 
  2 2 2 2 2 2 1 
   2 2 2 2 2 1 
    2 2 2 2 1 
     0 2 2 2 
      1 1 2 
       1 2 
        1 
       1 1 
      1 1 1 
     1 1 1 1 
    2 1 1 1 2 
   2 1 1 1 1 2 
  2 1 1 1 1 1 2 
 2 1 1 1 1 1 1 1 

depth = 359
 2 2 2 2 2 2 2 2 
  2 2 2 2 2 2 1 
   2 2 2 2 2 1 
    2 2 2 2 1 
     2 2 2 2 
      1 1 2 
       1 0 
        1 
       1 1 
      1 1 1 
     1 1 1 1 
    2 1 1 1 2 
   2 1 1 1 1 2 
  2 1 1 1 1 1 2 
 2 1 1 1 1 1 1 1 

depth = 360
 2 2 2 2 2 2 2 2 
  2 2 2 2 2 2 1 
   2 2 2 2 2 1 
    2 2 2 2 1 
     2 2 2 2 
      1 0 2 
       1 1 
        1 
       1 1 
      1 1 1 
     1 1 1 1 
    2 1 1 1 2 
   2 1 1 1 1 2 
  2 1 1 1 1 1 2 
 2 1 1 1 1 1 1 1 

depth = 361
 2 2 2 2 2 2 2 2 
  2 2 2 2 2 2 1 
   2 2 2 2 2 1 
    2 2 2 2 1 
     0 2 2 2 
      1 2 2 
       1 1 
        1 
       1 1 
      1 1 1 
     1 1 1 1 
    2 1 1 1 2 
   2 1 1 1 1 2 
  2 1 1 1 1 1 2 
 2 1 1 1 1 1 1 1 

depth = 362
 2 2 2 2 2 2 2 2 
  2 2 2 2 2 2 1 
   0 2 2 2 2 1 
    1 2 2 2 1 
     2 2 2 2 
      1 2 2 
       2 2 
        1 
       1 1 
      1 1 1 
     1 1 1 1 
    2 1 1 1 1 
   2 1 1 1 1 2 
  2 1 1 1 1 1 2 
 2 1 1 1 1 1 1 1 

depth = 363
 2 2 2 2 2 2 2 2 
  2 2 2 2 2 2 1 
   2 2 2 2 2 1 
    1 2 2 2 1 
     0 2 2 2 
      1 2 2 
       2 2 
        1 
       1 1 
      1 1 1 
     1 1 1 1 
    2 1 1 1 1 
   2 1 1 1 1 2 
  2 1 1 1 1 1 2 
 2 1 1 1 1 1 1 1 

depth = 364
 2 2 2 2 2 2 2 2 
  2 2 2 2 2 2 1 
   2 2 2 2 2 1 
    1 2 2 2 1 
     2 2 2 2 
      1 2 2 
       0 2 
        1 
       1 1 
      1 1 1 
     1 1 1 1 
    2 1 1 1 1 
   2 1 1 1 1 2 
  2 1 1 1 1 1 2 
 2 1 1 1 1 1 1 1 

depth = 365
 2 2 2 2 2 2 2 2 
  2 2 2 2 2 2 1 
   2 2 2 2 2 1 
    1 2 2 2 1 
     2 2 2 2 
      0 2 2 
       1 2 
        1 
       1 1 
      1 1 1 
     1 1 1 1 
    2 1 1 1 1 
   2 1 1 1 1 2 
  2 1 1 1 1 1 2 
 2 1 1 1 1 1 1 1 

depth = 366
 2 2 2 2 2 2 2 2 
  2 2 2 2 2 2 1 
   2 2 2 2 2 1 
    0 2 2 2 1 
     2 2 2 2 
      1 2 2 
       1 2 
        1 
       1 1 
      1 1 1 
     1 1 1 1 
    2 1 1 1 1 
   2 1 1 1 1 2 
  2 1 1 1 1 1 2 
 2 1 1 1 1 1 1 1 

depth = 367
 2 2 2 2 2 2 2 2 
  2 2 2 2 2 2 1 
   2 2 2 2 2 1 
    2 2 2 2 1 
     0 2 2 2 
      1 2 2 
       1 2 
        1 
       1 1 
      1 1 1 
     1 1 1 1 
    2 1 1 1 1 
   2 1 1 1 1 2 
  2 1 1 1 1 1 2 
 2 1 1 1 1 1 1 1 

depth = 368
 2 2 2 2 2 2 2 2 
  2 2 2 2 2 2 1 
   2 2 2 2 2 1 
    2 2 2 2 1 
     0 2 2 2 
      1 2 2 
       1 2 
        1 
       1 1 
      1 1 1 
     1 1 1 1 
    2 1 1 1 2 
   2 1 1 1 1 1 
  2 1 1 1 1 1 2 
 2 1 1 1 1 1 1 1 

depth = 369
 2 2 2 2 2 2 2 2 
  2 2 2 2 2 2 1 
   2 2 2 2 2 1 
    2 1 2 2 1 
     2 2 2 2 
      2 1 2 
       2 2 
        1 
       1 0 
      1 1 1 
     1 1 1 1 
    2 1 1 1 1 
   2 1 1 1 1 1 
  2 1 1 1 1 1 2 
 2 1 1 1 1 1 1 1 

depth = 370
 2 2 2 2 2 2 2 2 
  2 2 2 2 2 2 1 
   2 2 2 2 2 1 
    2 1 2 2 1 
     2 2 2 2 
      2 1 2 
       2 2 
        0 
       1 1 
      1 1 1 
     1 1 1 1 
    2 1 1 1 1 
   2 1 1 1 1 1 
  2 1 1 1 1 1 2 
 2 1 1 1 1 1 1 1 

depth = 371
 2 2 2 2 2 2 2 2 
  2 2 2 2 2 2 1 
   2 2 2 2 2 1 
    2 2 2 2 1 
     0 2 2 2 
      2 1 2 
       1 2 
        1 
       1 2 
      1 1 1 
     1 1 1 1 
    2 1 1 1 1 
   2 1 1 1 1 1 
  2 1 1 1 1 1 2 
 2 1 1 1 1 1 1 1 

depth = 372
 2 2 2 2 2 2 2 2 
  2 2 2 2 2 2 1 
   2 2 2 2 2 1 
    2 2 2 2 1 
     2 2 2 2 
      0 1 2 
       1 2 
        1 
       1 2 
      1 1 1 
     1 1 1 1 
    2 1 1 1 1 
   2 1 1 1 1 1 
  2 1 1 1 1 1 2 
 2 1 1 1 1 1 1 1 

depth = 373
 2 2 2 2 2 2 2 2 
  2 2 2 2 2 2 1 
   2 2 2 2 2 1 
    2 2 2 2 1 
     2 2 2 2 
      2 0 2 
       1 1 
        1 
       1 2 
      1 1 1 
     1 1 1 1 
    2 1 1 1 1 
   2 1 1 1 1 1 
  2 1 1 1 1 1 2 
 2 1 1 1 1 1 1 1 

depth = 374
 2 2 2 2 2 2 2 2 
  2 2 2 2 2 2 1 
   2 2 2 2 2 1 
    2 2 2 2 1 
     2 2 2 2 
      1 2 2 
       2 1 
        1 
       1 0 
      1 1 1 
     1 1 1 1 
    2 1 1 1 1 
   2 1 1 1 1 1 
  2 1 1 1 1 1 2 
 2 1 1 1 1 1 1 1 

depth = 375
 2 2 2 2 2 2 2 2 
  2 2 2 2 2 2 1 
   2 2 2 2 2 1 
    2 2 2 2 1 
     2 2 2 2 
      1 2 2 
       2 1 
        0 
       1 1 
      1 1 1 
     1 1 1 1 
    2 1 1 1 1 
   2 1 1 1 1 1 
  2 1 1 1 1 1 2 
 2 1 1 1 1 1 1 1 

depth = 376
 2 2 2 2 2 2 2 2 
  2 2 2 2 2 2 1 
   2 2 2 2 2 1 
    2 2 2 2 1 
     2 2 2 2 
      0 2 2 
       2 1 
        1 
       1 1 
      1 1 1 
     1 1 1 1 
    2 1 1 1 1 
   2 1 1 1 1 1 
  2 1 1 1 1 1 2 
 2 1 1 1 1 1 1 1 

depth = 377
 2 2 2 2 2 2 2 2 
  2 2 2 2 2 2 1 
   2 2 2 2 2 1 
    2 2 2 2 1 
     2 2 2 2 
      2 2 2 
       0 1 
        1 
       1 1 
      1 1 1 
     1 1 1 1 
    2 1 1 1 1 
   2 1 1 1 1 1 
  2 1 1 1 1 1 2 
 2 1 1 1 1 1 1 1 

depth = 378
 2 2 2 2 2 2 2 2 
  2 2 2 2 2 2 1 
   2 2 2 2 2 1 
    2 2 2 2 1 
     2 2 2 2 
      1 2 2 
       2 1 
        1 
       1 2 
      1 1 1 
     1 1 1 0 
    2 1 1 1 1 
   2 1 1 1 1 1 
  2 1 1 1 1 1 1 
 2 1 1 1 1 1 1 1 

depth = 379
 2 2 2 2 2 2 2 2 
  2 2 2 2 2 2 1 
   2 2 2 2 2 1 
    2 2 2 2 1 
     2 2 2 2 
      1 2 2 
       2 1 
        1 
       1 2 
      1 1 0 
     1 1 1 1 
    2 1 1 1 1 
   2 1 1 1 1 1 
  2 1 1 1 1 1 1 
 2 1 1 1 1 1 1 1 

depth = 380
 2 2 2 2 2 2 2 2 
  2 2 2 2 2 2 1 
   2 2 2 2 2 1 
    2 2 2 2 1 
     2 2 2 2 
      1 2 2 
       2 1 
        0 
       1 2 
      1 1 1 
     1 1 1 1 
    2 1 1 1 1 
   2 1 1 1 1 1 
  2 1 1 1 1 1 1 
 2 1 1 1 1 1 1 1 

depth = 381
 2 2 2 2 2 2 2 2 
  2 2 2 2 2 2 1 
   2 2 2 2 2 1 
    2 2 2 2 1 
     2 2 2 2 
      0 2 2 
       2 1 
        1 
       1 2 
      1 1 1 
     1 1 1 1 
    2 1 1 1 1 
   2 1 1 1 1 1 
  2 1 1 1 1 1 1 
 2 1 1 1 1 1 1 1 

depth = 382
 2 2 2 2 2 2 2 2 
  2 2 2 2 2 2 1 
   2 2 2 2 2 1 
    2 2 2 2 1 
     2 2 2 2 
      2 2 2 
       0 1 
        1 
       1 2 
      1 1 1 
     1 1 1 1 
    2 1 1 1 1 
   2 1 1 1 1 1 
  2 1 1 1 1 1 1 
 2 1 1 1 1 1 1 1 

depth = 383
 2 2 2 2 2 2 2 2 
  2 2 2 2 2 2 1 
   2 2 2 2 2 1 
    2 2 2 2 1 
     2 2 2 2 
      2 2 2 
       2 1 
        1 
       1 0 
      1 1 1 
     1 1 1 1 
    2 1 1 1 1 
   2 1 1 1 1 1 
  2 1 1 1 1 1 1 
 2 1 1 1 1 1 1 1 

depth = 384
 2 2 2 2 2 2 2 2 
  2 2 2 2 2 2 1 
   2 2 2 2 2 1 
    2 2 2 2 1 
     2 2 2 2 
      2 2 2 
       2 1 
        0 
       1 1 
      1 1 1 
     1 1 1 1 
    2 1 1 1 1 
   2 1 1 1 1 1 
  2 1 1 1 1 1 1 
 2 1 1 1 1 1 1 1 

depth = 385
 2 2 2 2 2 2 2 2 
  2 2 2 2 2 2 1 
   2 2 2 2 2 1 
    2 2 2 2 1 
     2 2 2 2 
      2 2 2 
       2 0 
        1 
       1 1 
      1 1 1 
     1 1 1 1 
    2 1 1 1 1 
   2 1 1 1 1 1 
  2 1 1 1 1 1 1 
 2 1 1 1 1 1 1 1 

depth = 386
 2 2 2 2 2 2 2 2 
  2 2 2 2 2 2 1 
   2 2 2 2 2 1 
    2 2 2 2 1 
     2 2 2 2 
      2 1 2 
       2 2 
        2 
       0 1 
      1 1 1 
     1 1 1 1 
    1 1 1 1 1 
   2 1 1 1 1 1 
  2 1 1 1 1 1 1 
 2 1 1 1 1 1 1 1 

depth = 387
 2 2 2 2 2 2 2 2 
  2 2 2 2 2 2 1 
   2 2 2 2 2 1 
    2 2 2 2 1 
     2 2 2 2 
      2 2 2 
       1 2 
        0 
       1 2 
      1 1 1 
     1 1 1 1 
    1 1 1 1 1 
   2 1 1 1 1 1 
  2 1 1 1 1 1 1 
 2 1 1 1 1 1 1 1 

depth = 388
 2 2 2 2 2 2 2 2 
  2 2 2 2 2 2 1 
   2 2 2 2 2 1 
    2 2 2 2 1 
     2 2 2 2 
      2 2 2 
       0 2 
        1 
       1 2 
      1 1 1 
     1 1 1 1 
    1 1 1 1 1 
   2 1 1 1 1 1 
  2 1 1 1 1 1 1 
 2 1 1 1 1 1 1 1 

depth = 389
 2 2 2 2 2 2 2 2 
  2 2 2 2 2 2 1 
   2 2 2 2 2 1 
    2 2 2 2 1 
     2 2 2 2 
      2 2 2 
       2 2 
        1 
       1 0 
      1 1 1 
     1 1 1 1 
    1 1 1 1 1 
   2 1 1 1 1 1 
  2 1 1 1 1 1 1 
 2 1 1 1 1 1 1 1 

depth = 390
 2 2 2 2 2 2 2 2 
  2 2 2 2 2 2 1 
   2 2 2 2 2 1 
    2 2 2 2 1 
     2 2 2 2 
      2 2 2 
       2 2 
        0 
       1 1 
      1 1 1 
     1 1 1 1 
    1 1 1 1 1 
   2 1 1 1 1 1 
  2 1 1 1 1 1 1 
 2 1 1 1 1 1 1 1 

depth = 391
 2 2 2 2 2 2 2 2 
  2 2 2 2 2 2 1 
   2 2 2 2 2 1 
    2 2 2 2 1 
     2 2 2 2 
      2 2 2 
       2 2 
        0 
       1 1 
      1 1 1 
     1 1 1 1 
    2 1 1 1 1 
   1 1 1 1 1 1 
  2 1 1 1 1 1 1 
 2 1 1 1 1 1 1 1 

depth = 392
 2 2 2 2 2 2 2 2 
  2 2 2 2 2 2 1 
   2 2 2 2 2 1 
    2 2 2 2 1 
     1 2 2 2 
      2 2 2 
       1 2 
        2 
       2 1 
      2 1 1 
     0 1 1 2 
    2 1 1 1 1 
   1 1 1 1 1 1 
  1 1 1 1 1 1 1 
 1 1 1 1 1 1 1 1 

depth = 393
 2 2 2 2 2 2 2 2 
  2 2 2 2 2 2 1 
   2 2 2 2 2 1 
    2 2 2 2 1 
     1 2 2 2 
      2 2 2 
       1 2 
        2 
       2 1 
      2 1 1 
     2 1 1 2 
    0 1 1 1 1 
   1 1 1 1 1 1 
  1 1 1 1 1 1 1 
 1 1 1 1 1 1 1 1 

depth = 394
 2 2 2 2 2 2 2 2 
  2 2 2 2 2 2 1 
   2 2 2 2 2 1 
    2 2 2 2 1 
     1 2 2 2 
      2 2 2 
       1 2 
        2 
       2 1 
      2 1 2 
     2 1 1 1 
    0 1 1 1 1 
   1 1 1 1 1 1 
  1 1 1 1 1 1 1 
 1 1 1 1 1 1 1 1 

depth = 395
 2 2 2 2 2 2 2 2 
  2 2 2 2 2 2 1 
   2 2 2 2 2 1 
    2 2 2 2 1 
     2 2 2 2 
      2 2 2 
       1 2 
        2 
       2 1 
      2 1 1 
     1 1 1 1 
    0 1 1 1 1 
   1 1 1 1 1 1 
  1 1 1 1 1 1 1 
 2 1 1 1 1 1 1 1 

depth = 396
 2 2 2 2 2 2 2 2 
  2 2 2 2 2 2 1 
   2 2 2 2 2 1 
    2 2 2 2 1 
     2 2 2 2 
      2 2 2 
       1 2 
        2 
       2 1 
      2 1 1 
     0 1 1 1 
    1 1 1 1 1 
   1 1 1 1 1 1 
  1 1 1 1 1 1 1 
 2 1 1 1 1 1 1 1 

depth = 397
 2 2 2 2 2 2 2 2 
  2 2 2 2 2 2 1 
   2 2 2 2 2 1 
    2 2 2 2 1 
     2 2 2 2 
      2 2 2 
       1 2 
        2 
       2 1 
      2 1 1 
     1 1 1 1 
    2 1 1 1 1 
   1 1 1 1 1 1 
  0 1 1 1 1 1 1 
 1 1 1 1 1 1 1 1 

depth = 398
 2 2 2 2 2 2 2 2 
  2 2 2 2 2 2 1 
   2 2 2 2 2 1 
    2 2 2 2 1 
     2 2 2 2 
      2 2 2 
       1 2 
        2 
       2 1 
      2 1 1 
     1 1 1 1 
    2 1 1 1 1 
   0 1 1 1 1 1 
  1 1 1 1 1 1 1 
 1 1 1 1 1 1 1 1 

depth = 399
 2 2 2 2 2 2 2 2 
  2 2 2 2 2 2 1 
   2 2 2 2 2 1 
    2 2 2 2 1 
     2 2 2 2 
      2 2 2 
       1 2 
        2 
       2 1 
      2 1 1 
     0 1 1 1 
    2 1 1 1 1 
   1 1 1 1 1 1 
  1 1 1 1 1 1 1 
 1 1 1 1 1 1 1 1 

depth = 400
 2 2 2 2 2 2 2 2 
  2 2 2 2 2 2 1 
   2 2 2 2 2 1 
    2 2 2 2 1 
     2 2 2 2 
      2 2 2 
       1 2 
        2 
       2 1 
      2 1 1 
     2 1 1 1 
    0 1 1 1 1 
   1 1 1 1 1 1 
  1 1 1 1 1 1 1 
 1 1 1 1 1 1 1 1 

depth = 401
 2 2 2 2 2 2 2 2 
  2 2 2 2 2 2 1 
   2 2 2 2 2 1 
    2 2 2 2 1 
     2 2 2 2 
      2 2 2 
       2 2 
        2 
       2 1 
      2 1 1 
     1 1 1 1 
    0 1 1 1 1 
   1 1 1 1 1 1 
  1 1 1 1 1 1 1 
 1 1 1 1 1 1 1 1 

depth = 402
 2 2 2 2 2 2 2 2 
  2 2 2 2 2 2 1 
   2 2 2 2 2 1 
    2 2 2 2 1 
     2 2 2 2 
      2 2 2 
       2 2 
        2 
       2 1 
      2 1 1 
     0 1 1 1 
    1 1 1 1 1 
   1 1 1 1 1 1 
  1 1 1 1 1 1 1 
 1 1 1 1 1 1 1 1 

depth = 403
 2 2 2 2 2 2 2 2 
  2 2 2 2 2 2 1 
   2 2 2 2 2 1 
    2 2 2 2 1 
     2 2 2 2 
      2 2 2 
       2 2 
        2 
       1 1 
      2 1 1 
     1 1 1 2 
    0 1 1 1 1 
   1 1 1 1 1 1 
  1 1 1 1 1 1 1 
 1 1 1 1 1 1 1 1 

depth = 404
 2 2 2 2 2 2 2 2 
  2 2 2 2 2 2 1 
   2 2 2 2 2 1 
    2 2 2 2 1 
     2 2 2 2 
      2 2 2 
       2 2 
        2 
       1 1 
      2 1 1 
     0 1 1 2 
    1 1 1 1 1 
   1 1 1 1 1 1 
  1 1 1 1 1 1 1 
 1 1 1 1 1 1 1 1 

depth = 405
 2 2 2 2 2 2 2 2 
  2 2 2 2 2 2 1 
   2 2 2 2 2 1 
    2 2 2 2 1 
     2 2 2 2 
      2 2 2 
       2 2 
        2 
       0 1 
      2 1 1 
     1 1 1 2 
    1 1 1 1 1 
   1 1 1 1 1 1 
  1 1 1 1 1 1 1 
 1 1 1 1 1 1 1 1 

depth = 406
 2 2 2 2 2 2 2 2 
  2 2 2 2 2 2 1 
   2 2 2 2 2 1 
    2 2 2 2 1 
     2 2 2 2 
      2 2 2 
       2 2 
        2 
       2 1 
      0 1 1 
     1 1 1 2 
    1 1 1 1 1 
   1 1 1 1 1 1 
  1 1 1 1 1 1 1 
 1 1 1 1 1 1 1 1 

depth = 407
 2 2 2 2 2 2 2 2 
  2 2 2 2 2 2 1 
   2 2 2 2 2 1 
    2 2 2 2 1 
     2 2 2 2 
      2 2 2 
       2 2 
        2 
       0 2 
      2 1 1 
     1 1 1 1 
    1 1 1 1 1 
   1 1 1 1 1 1 
  1 1 1 1 1 1 1 
 1 1 1 1 1 1 1 1 

depth = 408
 2 2 2 2 2 2 2 2 
  2 2 2 2 2 2 1 
   2 2 2 2 2 1 
    2 2 2 2 1 
     2 2 2 2 
      2 2 2 
       2 2 
        2 
       2 2 
      0 1 1 
     1 1 1 1 
    1 1 1 1 1 
   1 1 1 1 1 1 
  1 1 1 1 1 1 1 
 1 1 1 1 1 1 1 1 

depth = 409
 2 2 2 2 2 2 2 2 
  2 2 2 2 2 2 1 
   2 2 2 2 2 1 
    2 2 2 2 1 
     2 2 2 2 
      2 2 2 
       2 2 
        2 
       2 0 
      1 1 1 
     1 1 1 2 
    1 1 1 1 1 
   1 1 1 1 1 1 
  1 1 1 1 1 1 1 
 1 1 1 1 1 1 1 1 

depth = 410
