depth = 1
 1 1 1 1 1 1 1 1 1 1 
  1 1 1 1 1 1 1 1 1 
   1 1 1 1 1 1 1 1 
    1 1 1 1 1 1 1 
     1 1 1 1 1 1 
      1 1 1 1 1 
       1 1 1 1 
        1 1 1 
         1 0 
          1 
         2 2 
        2 2 2 
       2 2 2 2 
      2 2 2 2 2 
     2 2 2 2 2 2 
    2 2 2 2 2 2 2 
   2 2 2 2 2 2 2 2 
  2 2 2 2 2 2 2 2 2 
 2 2 2 2 2 2 2 2 2 2 

depth = 2
 1 1 1 1 1 1 1 1 1 1 
  1 1 1 1 1 1 1 1 1 
   1 1 1 1 1 1 1 1 
    1 1 1 1 1 1 1 
     1 1 1 1 1 1 
      1 1 1 1 1 
       1 1 1 1 
        1 1 1 
         1 2 
          1 
         0 2 
        2 2 2 
       2 2 2 2 
      2 2 2 2 2 
     2 2 2 2 2 2 
    2 2 2 2 2 2 2 
   2 2 2 2 2 2 2 2 
  2 2 2 2 2 2 2 2 2 
 2 2 2 2 2 2 2 2 2 2 

depth = 3
 1 1 1 1 1 1 1 1 1 1 
  1 1 1 1 1 1 1 1 1 
   1 1 1 1 1 1 1 1 
    1 1 1 1 1 1 1 
     1 1 1 1 1 1 
      1 1 1 1 1 
       1 1 1 1 
        1 1 1 
         1 2 
          0 
         1 2 
        2 2 2 
       2 2 2 2 
      2 2 2 2 2 
     2 2 2 2 2 2 
    2 2 2 2 2 2 2 
   2 2 2 2 2 2 2 2 
  2 2 2 2 2 2 2 2 2 
 2 2 2 2 2 2 2 2 2 2 

depth = 4
 1 1 1 1 1 1 1 1 1 1 
  1 1 1 1 1 1 1 1 1 
   1 1 1 1 1 1 1 1 
    1 1 1 1 1 1 1 
     1 1 1 1 1 1 
      1 1 1 1 1 
       1 1 1 1 
        1 1 0 
         1 2 
          1 
         1 2 
        2 2 2 
       2 2 2 2 
      2 2 2 2 2 
     2 2 2 2 2 2 
    2 2 2 2 2 2 2 
   2 2 2 2 2 2 2 2 
  2 2 2 2 2 2 2 2 2 
 2 2 2 2 2 2 2 2 2 2 

depth = 5
 1 1 1 1 1 1 1 1 1 1 
  1 1 1 1 1 1 1 1 1 
   1 1 1 1 1 1 1 1 
    1 1 1 1 1 1 1 
     1 1 1 1 1 1 
      1 1 1 1 1 
       1 1 1 0 
        1 1 1 
         1 2 
          1 
         1 2 
        2 2 2 
       2 2 2 2 
      2 2 2 2 2 
     2 2 2 2 2 2 
    2 2 2 2 2 2 2 
   2 2 2 2 2 2 2 2 
  2 2 2 2 2 2 2 2 2 
 2 2 2 2 2 2 2 2 2 2 

depth = 6
 1 1 1 1 1 1 1 1 1 1 
  1 1 1 1 1 1 1 1 1 
   1 1 1 1 1 1 1 1 
    1 1 1 1 1 1 1 
     1 1 1 1 1 1 
      1 1 1 1 1 
       1 1 1 2 
        1 1 1 
         1 0 
          1 
         1 2 
        2 2 2 
       2 2 2 2 
      2 2 2 2 2 
     2 2 2 2 2 2 
    2 2 2 2 2 2 2 
   2 2 2 2 2 2 2 2 
  2 2 2 2 2 2 2 2 2 
 2 2 2 2 2 2 2 2 2 2 

depth = 7
 1 1 1 1 1 1 1 1 1 1 
  1 1 1 1 1 1 1 1 1 
   1 1 1 1 1 1 1 1 
    1 1 1 1 1 1 1 
     1 1 1 1 1 1 
      1 1 1 1 1 
       1 1 1 2 
        1 1 0 
         1 1 
          1 
         1 2 
        2 2 2 
       2 2 2 2 
      2 2 2 2 2 
     2 2 2 2 2 2 
    2 2 2 2 2 2 2 
   2 2 2 2 2 2 2 2 
  2 2 2 2 2 2 2 2 2 
 2 2 2 2 2 2 2 2 2 2 

depth = 8
 1 1 1 1 1 1 1 1 1 1 
  1 1 1 1 1 1 1 1 1 
   1 1 1 1 1 1 1 1 
    1 1 1 1 1 1 1 
     1 1 1 1 1 1 
      1 1 1 1 0 
       1 1 1 2 
        1 1 1 
         1 1 
          1 
         1 2 
        2 2 2 
       2 2 2 2 
      2 2 2 2 2 
     2 2 2 2 2 2 
    2 2 2 2 2 2 2 
   2 2 2 2 2 2 2 2 
  2 2 2 2 2 2 2 2 2 
 2 2 2 2 2 2 2 2 2 2 

depth = 9
 1 1 1 1 1 1 1 1 1 1 
  1 1 1 1 1 1 1 1 1 
   1 1 1 1 1 1 1 1 
    1 1 1 1 1 1 1 
     1 1 1 1 1 0 
      1 1 1 1 1 
       1 1 1 2 
        1 1 1 
         1 1 
          1 
         1 2 
        2 2 2 
       2 2 2 2 
      2 2 2 2 2 
     2 2 2 2 2 2 
    2 2 2 2 2 2 2 
   2 2 2 2 2 2 2 2 
  2 2 2 2 2 2 2 2 2 
 2 2 2 2 2 2 2 2 2 2 

depth = 10
 1 1 1 1 1 1 1 1 1 1 
  1 1 1 1 1 1 1 1 1 
   1 1 1 1 1 1 1 1 
    1 1 1 1 1 1 1 
     1 1 1 1 1 2 
      1 1 1 1 1 
       1 1 1 0 
        1 1 1 
         1 1 
          1 
         1 2 
        2 2 2 
       2 2 2 2 
      2 2 2 2 2 
     2 2 2 2 2 2 
    2 2 2 2 2 2 2 
   2 2 2 2 2 2 2 2 
  2 2 2 2 2 2 2 2 2 
 2 2 2 2 2 2 2 2 2 2 

depth = 11
 1 1 1 1 1 1 1 1 1 1 
  1 1 1 1 1 1 1 1 1 
   1 1 1 1 1 1 1 1 
    1 1 1 1 1 1 1 
     1 1 1 1 1 2 
      1 1 1 1 0 
       1 1 1 1 
        1 1 1 
         1 1 
          1 
         1 2 
        2 2 2 
       2 2 2 2 
      2 2 2 2 2 
     2 2 2 2 2 2 
    2 2 2 2 2 2 2 
   2 2 2 2 2 2 2 2 
  2 2 2 2 2 2 2 2 2 
 2 2 2 2 2 2 2 2 2 2 

depth = 12
 1 1 1 1 1 1 1 1 1 1 
  1 1 1 1 1 1 1 1 1 
   1 1 1 1 1 1 1 1 
    1 1 1 1 1 1 0 
     1 1 1 1 1 2 
      1 1 1 1 1 
       1 1 1 1 
        1 1 1 
         1 1 
          1 
         1 2 
        2 2 2 
       2 2 2 2 
      2 2 2 2 2 
     2 2 2 2 2 2 
    2 2 2 2 2 2 2 
   2 2 2 2 2 2 2 2 
  2 2 2 2 2 2 2 2 2 
 2 2 2 2 2 2 2 2 2 2 

depth = 13
 1 1 1 1 1 1 1 1 1 1 
  1 1 1 1 1 1 1 1 1 
   1 1 1 1 1 1 1 0 
    1 1 1 1 1 1 1 
     1 1 1 1 1 2 
      1 1 1 1 1 
       1 1 1 1 
        1 1 1 
         1 1 
          1 
         1 2 
        2 2 2 
       2 2 2 2 
      2 2 2 2 2 
     2 2 2 2 2 2 
    2 2 2 2 2 2 2 
   2 2 2 2 2 2 2 2 
  2 2 2 2 2 2 2 2 2 
 2 2 2 2 2 2 2 2 2 2 

depth = 14
 1 1 1 1 1 1 1 1 1 1 
  1 1 1 1 1 1 1 1 1 
   1 1 1 1 1 1 1 2 
    1 1 1 1 1 1 1 
     1 1 1 1 1 0 
      1 1 1 1 1 
       1 1 1 1 
        1 1 1 
         1 1 
          1 
         1 2 
        2 2 2 
       2 2 2 2 
      2 2 2 2 2 
     2 2 2 2 2 2 
    2 2 2 2 2 2 2 
   2 2 2 2 2 2 2 2 
  2 2 2 2 2 2 2 2 2 
 2 2 2 2 2 2 2 2 2 2 

depth = 15
 1 1 1 1 1 1 1 1 1 1 
  1 1 1 1 1 1 1 1 1 
   1 1 1 1 1 1 1 2 
    1 1 1 1 1 1 0 
     1 1 1 1 1 1 
      1 1 1 1 1 
       1 1 1 1 
        1 1 1 
         1 1 
          1 
         1 2 
        2 2 2 
       2 2 2 2 
      2 2 2 2 2 
     2 2 2 2 2 2 
    2 2 2 2 2 2 2 
   2 2 2 2 2 2 2 2 
  2 2 2 2 2 2 2 2 2 
 2 2 2 2 2 2 2 2 2 2 

depth = 16
 1 1 1 1 1 1 1 1 1 1 
  1 1 1 1 1 1 1 1 0 
   1 1 1 1 1 1 1 2 
    1 1 1 1 1 1 1 
     1 1 1 1 1 1 
      1 1 1 1 1 
       1 1 1 1 
        1 1 1 
         1 1 
          1 
         1 2 
        2 2 2 
       2 2 2 2 
      2 2 2 2 2 
     2 2 2 2 2 2 
    2 2 2 2 2 2 2 
   2 2 2 2 2 2 2 2 
  2 2 2 2 2 2 2 2 2 
 2 2 2 2 2 2 2 2 2 2 

depth = 17
 1 1 1 1 1 1 1 1 1 0 
  1 1 1 1 1 1 1 1 1 
   1 1 1 1 1 1 1 2 
    1 1 1 1 1 1 1 
     1 1 1 1 1 1 
      1 1 1 1 1 
       1 1 1 1 
        1 1 1 
         1 1 
          1 
         1 2 
        2 2 2 
       2 2 2 2 
      2 2 2 2 2 
     2 2 2 2 2 2 
    2 2 2 2 2 2 2 
   2 2 2 2 2 2 2 2 
  2 2 2 2 2 2 2 2 2 
 2 2 2 2 2 2 2 2 2 2 

depth = 18
 1 1 1 1 1 1 1 1 1 2 
  1 1 1 1 1 1 1 1 1 
   1 1 1 1 1 1 1 0 
    1 1 1 1 1 1 1 
     1 1 1 1 1 1 
      1 1 1 1 1 
       1 1 1 1 
        1 1 1 
         1 1 
          1 
         1 2 
        2 2 2 
       2 2 2 2 
      2 2 2 2 2 
     2 2 2 2 2 2 
    2 2 2 2 2 2 2 
   2 2 2 2 2 2 2 2 
  2 2 2 2 2 2 2 2 2 
 2 2 2 2 2 2 2 2 2 2 

depth = 19
 1 1 1 1 1 1 1 1 1 2 
  1 1 1 1 1 1 1 1 0 
   1 1 1 1 1 1 1 1 
    1 1 1 1 1 1 1 
     1 1 1 1 1 1 
      1 1 1 1 1 
       1 1 1 1 
        1 1 1 
         1 1 
          1 
         1 2 
        2 2 2 
       2 2 2 2 
      2 2 2 2 2 
     2 2 2 2 2 2 
    2 2 2 2 2 2 2 
   2 2 2 2 2 2 2 2 
  2 2 2 2 2 2 2 2 2 
 2 2 2 2 2 2 2 2 2 2 

depth = 20
 1 1 1 1 1 1 1 1 0 2 
  1 1 1 1 1 1 1 1 1 
   1 1 1 1 1 1 1 1 
    1 1 1 1 1 1 1 
     1 1 1 1 1 1 
      1 1 1 1 1 
       1 1 1 1 
        1 1 1 
         1 1 
          1 
         1 2 
        2 2 2 
       2 2 2 2 
      2 2 2 2 2 
     2 2 2 2 2 2 
    2 2 2 2 2 2 2 
   2 2 2 2 2 2 2 2 
  2 2 2 2 2 2 2 2 2 
 2 2 2 2 2 2 2 2 2 2 

depth = 21
 1 1 1 1 1 1 1 1 2 0 
  1 1 1 1 1 1 1 1 1 
   1 1 1 1 1 1 1 1 
    1 1 1 1 1 1 1 
     1 1 1 1 1 1 
      1 1 1 1 1 
       1 1 1 1 
        1 1 1 
         1 1 
          1 
         1 2 
        2 2 2 
       2 2 2 2 
      2 2 2 2 2 
     2 2 2 2 2 2 
    2 2 2 2 2 2 2 
   2 2 2 2 2 2 2 2 
  2 2 2 2 2 2 2 2 2 
 2 2 2 2 2 2 2 2 2 2 

depth = 22
 1 1 1 1 1 1 1 0 2 1 
  1 1 1 1 1 1 1 1 1 
   1 1 1 1 1 1 1 1 
    1 1 1 1 1 1 1 
     1 1 1 1 1 1 
      1 1 1 1 1 
       1 1 1 1 
        1 1 1 
         1 1 
          1 
         1 2 
        2 2 2 
       2 2 2 2 
      2 2 2 2 2 
     2 2 2 2 2 2 
    2 2 2 2 2 2 2 
   2 2 2 2 2 2 2 2 
  2 2 2 2 2 2 2 2 2 
 2 2 2 2 2 2 2 2 2 2 

depth = 23
 1 1 1 1 1 1 1 1 0 2 
  1 1 1 1 1 1 1 1 1 
   1 1 1 1 1 1 1 1 
    1 1 1 1 1 1 1 
     1 1 1 1 1 1 
      1 1 1 1 1 
       1 1 1 1 
        1 1 1 
         2 1 
          1 
         1 1 
        2 2 2 
       2 2 2 2 
      2 2 2 2 2 
     2 2 2 2 2 2 
    2 2 2 2 2 2 2 
   2 2 2 2 2 2 2 2 
  2 2 2 2 2 2 2 2 2 
 2 2 2 2 2 2 2 2 2 2 

depth = 24
 1 1 1 1 1 1 1 1 2 0 
  1 1 1 1 1 1 1 1 1 
   1 1 1 1 1 1 1 1 
    1 1 1 1 1 1 1 
     1 1 1 1 1 1 
      1 1 1 1 1 
       1 1 1 1 
        1 1 1 
         2 1 
          1 
         1 1 
        2 2 2 
       2 2 2 2 
      2 2 2 2 2 
     2 2 2 2 2 2 
    2 2 2 2 2 2 2 
   2 2 2 2 2 2 2 2 
  2 2 2 2 2 2 2 2 2 
 2 2 2 2 2 2 2 2 2 2 

depth = 25
 1 1 1 1 1 1 1 0 2 1 
  1 1 1 1 1 1 1 1 1 
   1 1 1 1 1 1 1 1 
    1 1 1 1 1 1 1 
     1 1 1 1 1 1 
      1 1 1 1 1 
       1 1 1 1 
        1 1 1 
         2 1 
          1 
         1 1 
        2 2 2 
       2 2 2 2 
      2 2 2 2 2 
     2 2 2 2 2 2 
    2 2 2 2 2 2 2 
   2 2 2 2 2 2 2 2 
  2 2 2 2 2 2 2 2 2 
 2 2 2 2 2 2 2 2 2 2 

depth = 26
 1 1 1 1 1 1 1 0 2 1 
  1 1 1 1 1 1 1 1 1 
   1 1 1 1 1 1 1 1 
    1 1 1 1 1 1 1 
     1 1 1 1 1 1 
      1 1 1 1 1 
       1 1 1 2 
        1 1 1 
         1 1 
          1 
         1 1 
        2 2 2 
       2 2 2 2 
      2 2 2 2 2 
     2 2 2 2 2 2 
    2 2 2 2 2 2 2 
   2 2 2 2 2 2 2 2 
  2 2 2 2 2 2 2 2 2 
 2 2 2 2 2 2 2 2 2 2 

depth = 27
 1 1 1 1 1 1 1 2 0 1 
  1 1 1 1 1 1 1 1 1 
   1 1 1 1 1 1 1 1 
    1 1 1 1 1 1 1 
     1 1 1 1 1 1 
      1 1 1 1 1 
       1 1 1 2 
        1 1 1 
         1 1 
          1 
         1 1 
        2 2 2 
       2 2 2 2 
      2 2 2 2 2 
     2 2 2 2 2 2 
    2 2 2 2 2 2 2 
   2 2 2 2 2 2 2 2 
  2 2 2 2 2 2 2 2 2 
 2 2 2 2 2 2 2 2 2 2 

depth = 28
 1 1 1 1 1 1 0 2 1 1 
  1 1 1 1 1 1 1 1 1 
   1 1 1 1 1 1 1 1 
    1 1 1 1 1 1 1 
     1 1 1 1 1 1 
      1 1 1 1 1 
       1 1 1 2 
        1 1 1 
         1 1 
          1 
         1 1 
        2 2 2 
       2 2 2 2 
      2 2 2 2 2 
     2 2 2 2 2 2 
    2 2 2 2 2 2 2 
   2 2 2 2 2 2 2 2 
  2 2 2 2 2 2 2 2 2 
 2 2 2 2 2 2 2 2 2 2 

depth = 29
 1 1 1 1 1 1 0 2 1 1 
  1 1 1 1 1 1 1 1 1 
   1 1 1 1 1 1 1 1 
    1 1 1 1 1 1 1 
     1 1 1 1 2 1 
      1 1 1 1 1 
       1 1 1 1 
        1 1 1 
         1 1 
          1 
         1 1 
        2 2 2 
       2 2 2 2 
      2 2 2 2 2 
     2 2 2 2 2 2 
    2 2 2 2 2 2 2 
   2 2 2 2 2 2 2 2 
  2 2 2 2 2 2 2 2 2 
 2 2 2 2 2 2 2 2 2 2 

depth = 30
 1 1 1 1 1 1 2 0 1 1 
  1 1 1 1 1 1 1 1 1 
   1 1 1 1 1 1 1 1 
    1 1 1 1 1 1 1 
     1 1 1 1 2 1 
      1 1 1 1 1 
       1 1 1 1 
        1 1 1 
         1 1 
          1 
         1 1 
        2 2 2 
       2 2 2 2 
      2 2 2 2 2 
     2 2 2 2 2 2 
    2 2 2 2 2 2 2 
   2 2 2 2 2 2 2 2 
  2 2 2 2 2 2 2 2 2 
 2 2 2 2 2 2 2 2 2 2 

depth = 31
 1 1 1 1 1 1 2 1 1 1 
  1 1 1 1 1 0 1 1 1 
   1 1 1 1 1 2 1 1 
    1 1 1 1 1 1 1 
     1 1 1 1 1 1 
      1 1 1 1 1 
       1 1 1 1 
        1 1 1 
         1 1 
          1 
         1 1 
        2 2 2 
       2 2 2 2 
      2 2 2 2 2 
     2 2 2 2 2 2 
    2 2 2 2 2 2 2 
   2 2 2 2 2 2 2 2 
  2 2 2 2 2 2 2 2 2 
 2 2 2 2 2 2 2 2 2 2 

depth = 32
 1 1 1 1 1 0 2 1 1 1 
  1 1 1 1 1 1 1 1 1 
   1 1 1 1 1 2 1 1 
    1 1 1 1 1 1 1 
     1 1 1 1 1 1 
      1 1 1 1 1 
       1 1 1 1 
        1 1 1 
         1 1 
          1 
         1 1 
        2 2 2 
       2 2 2 2 
      2 2 2 2 2 
     2 2 2 2 2 2 
    2 2 2 2 2 2 2 
   2 2 2 2 2 2 2 2 
  2 2 2 2 2 2 2 2 2 
 2 2 2 2 2 2 2 2 2 2 

depth = 33
 1 1 1 1 1 2 2 1 1 1 
  1 1 1 1 1 1 1 1 1 
   1 1 1 1 1 0 1 1 
    1 1 1 1 1 1 1 
     1 1 1 1 1 1 
      1 1 1 1 1 
       1 1 1 1 
        1 1 1 
         1 1 
          1 
         1 1 
        2 2 2 
       2 2 2 2 
      2 2 2 2 2 
     2 2 2 2 2 2 
    2 2 2 2 2 2 2 
   2 2 2 2 2 2 2 2 
  2 2 2 2 2 2 2 2 2 
 2 2 2 2 2 2 2 2 2 2 

depth = 34
 1 1 1 1 1 2 2 1 1 1 
  1 1 1 1 1 1 0 1 1 
   1 1 1 1 1 1 1 1 
    1 1 1 1 1 1 1 
     1 1 1 1 1 1 
      1 1 1 1 1 
       1 1 1 1 
        1 1 1 
         1 1 
          1 
         1 1 
        2 2 2 
       2 2 2 2 
      2 2 2 2 2 
     2 2 2 2 2 2 
    2 2 2 2 2 2 2 
   2 2 2 2 2 2 2 2 
  2 2 2 2 2 2 2 2 2 
 2 2 2 2 2 2 2 2 2 2 

depth = 35
 1 1 1 1 1 2 2 0 1 1 
  1 1 1 1 1 1 1 1 1 
   1 1 1 1 1 1 1 1 
    1 1 1 1 1 1 1 
     1 1 1 1 1 1 
      1 1 1 1 1 
       1 1 1 1 
        1 1 1 
         1 1 
          1 
         1 1 
        2 2 2 
       2 2 2 2 
      2 2 2 2 2 
     2 2 2 2 2 2 
    2 2 2 2 2 2 2 
   2 2 2 2 2 2 2 2 
  2 2 2 2 2 2 2 2 2 
 2 2 2 2 2 2 2 2 2 2 

depth = 36
 1 1 1 1 1 0 2 2 1 1 
  1 1 1 1 1 1 1 1 1 
   1 1 1 1 1 1 1 1 
    1 1 1 1 1 1 1 
     1 1 1 1 1 1 
      1 1 1 1 1 
       1 1 1 1 
        1 1 1 
         1 1 
          1 
         1 1 
        2 2 2 
       2 2 2 2 
      2 2 2 2 2 
     2 2 2 2 2 2 
    2 2 2 2 2 2 2 
   2 2 2 2 2 2 2 2 
  2 2 2 2 2 2 2 2 2 
 2 2 2 2 2 2 2 2 2 2 

depth = 37
 1 1 1 1 1 2 0 2 1 1 
  1 1 1 1 1 1 1 1 1 
   1 1 1 1 1 1 1 1 
    1 1 1 1 1 1 1 
     1 1 1 1 1 1 
      1 1 1 1 1 
       1 1 1 1 
        1 1 1 
         1 1 
          1 
         1 1 
        2 2 2 
       2 2 2 2 
      2 2 2 2 2 
     2 2 2 2 2 2 
    2 2 2 2 2 2 2 
   2 2 2 2 2 2 2 2 
  2 2 2 2 2 2 2 2 2 
 2 2 2 2 2 2 2 2 2 2 

depth = 38
 1 1 2 1 2 1 1 1 1 1 
  1 0 1 1 1 1 1 1 1 
   1 1 1 1 1 1 1 1 
    1 1 1 1 1 1 1 
     1 1 1 1 1 1 
      1 1 1 1 1 
       1 1 1 1 
        1 1 1 
         1 1 
          1 
         1 1 
        2 2 2 
       2 2 2 2 
      2 2 2 2 2 
     2 2 2 2 2 2 
    2 2 2 2 2 2 2 
   2 2 2 2 2 2 2 2 
  2 2 2 2 2 2 2 2 2 
 2 2 2 2 2 2 2 2 2 2 

depth = 39
 1 0 2 1 2 1 1 1 1 1 
  1 1 1 1 1 1 1 1 1 
   1 1 1 1 1 1 1 1 
    1 1 1 1 1 1 1 
     1 1 1 1 1 1 
      1 1 1 1 1 
       1 1 1 1 
        1 1 1 
         1 1 
          1 
         1 1 
        2 2 2 
       2 2 2 2 
      2 2 2 2 2 
     2 2 2 2 2 2 
    2 2 2 2 2 2 2 
   2 2 2 2 2 2 2 2 
  2 2 2 2 2 2 2 2 2 
 2 2 2 2 2 2 2 2 2 2 

depth = 40
 1 1 1 1 1 1 1 1 1 1 
  1 1 1 1 1 1 1 1 1 
   1 1 1 1 1 1 1 1 
    1 1 1 1 1 1 1 
     1 1 1 1 1 1 
      1 1 1 1 1 
       1 1 2 2 
        1 1 1 
         2 1 
          1 
         2 2 
        2 2 2 
       2 2 2 2 
      2 2 2 2 2 
     2 2 2 2 2 2 
    2 2 2 2 2 2 2 
   2 2 2 0 2 2 2 2 
  2 2 2 2 2 2 2 2 2 
 2 2 1 1 2 2 2 2 2 2 

depth = 41
 1 1 1 1 1 1 1 1 1 1 
  1 1 1 1 1 1 1 1 1 
   1 1 1 1 1 1 1 1 
    1 1 1 1 1 1 1 
     1 1 1 1 1 1 
      1 1 1 1 1 
       1 1 2 2 
        1 1 1 
         2 1 
          1 
         2 2 
        2 2 2 
       2 2 2 2 
      2 2 2 2 2 
     2 2 2 2 2 2 
    2 2 2 2 2 2 2 
   2 2 2 2 2 2 2 2 
  2 2 2 0 2 2 2 2 2 
 2 2 1 1 2 2 2 2 2 2 

depth = 42
 1 1 1 1 1 1 1 1 1 1 
  1 1 1 1 1 1 1 1 1 
   1 1 1 1 1 1 1 1 
    1 1 1 1 1 1 1 
     1 1 1 1 1 1 
      1 1 1 1 1 
       1 1 2 2 
        1 1 1 
         2 1 
          1 
         2 2 
        2 2 2 
       2 2 2 2 
      2 2 2 2 2 
     2 2 2 2 2 2 
    2 2 2 2 2 2 2 
   2 2 2 2 2 2 2 2 
  2 2 2 2 2 2 2 2 2 
 2 2 1 1 0 2 2 2 2 2 

depth = 43
 1 1 1 1 1 1 1 1 1 1 
  1 1 1 1 1 1 1 1 1 
   1 1 1 1 1 1 1 1 
    1 1 1 1 1 1 1 
     1 1 1 1 1 1 
      1 1 1 1 1 
       1 1 2 2 
        1 1 1 
         2 1 
          1 
         2 2 
        2 2 2 
       2 2 2 2 
      2 2 2 2 2 
     2 2 2 2 2 2 
    2 2 2 2 2 2 2 
   2 2 2 2 2 2 2 2 
  2 2 0 2 2 2 2 2 2 
 2 2 2 1 1 2 2 2 2 2 

depth = 44
 1 1 1 1 1 1 1 1 1 1 
  1 1 1 1 1 1 1 1 1 
   1 1 1 1 1 1 1 1 
    1 1 1 1 1 1 1 
     1 1 1 1 1 1 
      1 1 1 1 1 
       1 1 2 2 
        1 1 1 
         2 1 
          1 
         2 2 
        2 2 2 
       2 2 2 2 
      2 2 2 2 2 
     2 2 2 2 2 2 
    2 2 2 2 2 2 2 
   2 2 2 2 2 2 2 2 
  2 2 2 2 2 2 2 2 2 
 2 2 0 1 1 2 2 2 2 2 

depth = 45
 1 1 1 1 1 1 1 1 1 1 
  1 1 1 1 1 1 1 1 1 
   1 1 1 1 1 1 1 1 
    1 1 1 1 1 1 1 
     1 1 1 1 1 1 
      1 1 1 1 1 
       1 1 2 2 
        1 1 1 
         2 1 
          1 
         2 2 
        2 2 2 
       2 2 2 2 
      2 2 2 2 2 
     2 2 2 2 2 2 
    2 2 2 2 2 2 2 
   2 2 2 2 2 2 2 2 
  2 2 2 2 1 2 2 2 2 
 2 2 2 2 1 2 2 0 2 2 

depth = 46
 1 1 1 1 1 1 1 1 1 1 
  1 1 1 1 1 1 1 1 1 
   1 1 1 1 1 1 1 1 
    1 1 1 1 1 1 1 
     1 1 1 1 1 1 
      1 1 1 1 1 
       1 1 2 2 
        1 1 1 
         2 1 
          1 
         2 2 
        2 2 2 
       2 2 2 2 
      2 2 2 2 2 
     2 2 2 2 2 2 
    2 2 2 2 2 2 2 
   2 2 2 2 2 2 2 2 
  2 2 2 2 2 2 2 2 2 
 2 2 2 2 1 1 2 0 2 2 

depth = 47
 1 1 1 1 1 1 2 1 1 1 
  1 1 1 1 1 1 1 1 1 
   1 1 1 1 0 2 1 1 
    1 1 1 1 1 1 1 
     1 1 1 1 2 1 
      1 1 1 1 1 
       1 1 2 1 
        1 1 1 
         1 1 
          1 
         1 1 
        2 1 2 
       2 1 2 2 
      2 2 2 2 2 
     2 2 2 2 2 2 
    2 2 2 2 2 2 2 
   2 2 2 2 2 2 2 2 
  2 2 2 2 2 2 2 2 2 
 2 2 2 2 2 2 2 2 2 2 

depth = 48
 1 1 1 1 1 1 2 1 1 1 
  1 1 1 1 1 1 1 1 1 
   1 1 1 1 2 2 1 1 
    1 1 1 1 1 1 1 
     1 1 1 1 0 1 
      1 1 1 1 1 
       1 1 2 1 
        1 1 1 
         1 1 
          1 
         1 1 
        2 1 2 
       2 1 2 2 
      2 2 2 2 2 
     2 2 2 2 2 2 
    2 2 2 2 2 2 2 
   2 2 2 2 2 2 2 2 
  2 2 2 2 2 2 2 2 2 
 2 2 2 2 2 2 2 2 2 2 

depth = 49
 1 1 1 1 1 1 2 1 1 1 
  1 1 1 1 1 1 1 1 1 
   1 1 1 1 2 2 1 1 
    1 1 1 1 1 1 1 
     1 1 1 1 2 1 
      1 1 1 1 1 
       1 1 0 1 
        1 1 1 
         1 1 
          1 
         1 1 
        2 1 2 
       2 1 2 2 
      2 2 2 2 2 
     2 2 2 2 2 2 
    2 2 2 2 2 2 2 
   2 2 2 2 2 2 2 2 
  2 2 2 2 2 2 2 2 2 
 2 2 2 2 2 2 2 2 2 2 

depth = 50
 1 1 1 1 1 1 2 1 1 1 
  1 1 1 1 1 1 1 1 1 
   1 1 1 1 2 2 1 1 
    1 1 1 1 1 1 1 
     1 1 1 1 2 1 
      1 1 1 0 1 
       1 1 1 1 
        1 1 1 
         1 1 
          1 
         1 1 
        2 1 2 
       2 1 2 2 
      2 2 2 2 2 
     2 2 2 2 2 2 
    2 2 2 2 2 2 2 
   2 2 2 2 2 2 2 2 
  2 2 2 2 2 2 2 2 2 
 2 2 2 2 2 2 2 2 2 2 

depth = 51
 1 1 1 1 1 1 2 1 1 1 
  1 1 1 1 1 1 1 1 1 
   1 1 1 1 2 2 1 1 
    1 1 1 1 1 0 1 
     1 1 1 1 2 1 
      1 1 1 1 1 
       1 1 1 1 
        1 1 1 
         1 1 
          1 
         1 1 
        2 1 2 
       2 1 2 2 
      2 2 2 2 2 
     2 2 2 2 2 2 
    2 2 2 2 2 2 2 
   2 2 2 2 2 2 2 2 
  2 2 2 2 2 2 2 2 2 
 2 2 2 2 2 2 2 2 2 2 

depth = 52
 1 1 1 1 1 1 2 1 1 1 
  1 1 1 1 1 0 1 1 1 
   1 1 1 1 2 2 1 1 
    1 1 1 1 1 1 1 
     1 1 1 1 2 1 
      1 1 1 1 1 
       1 1 1 1 
        1 1 1 
         1 1 
          1 
         1 1 
        2 1 2 
       2 1 2 2 
      2 2 2 2 2 
     2 2 2 2 2 2 
    2 2 2 2 2 2 2 
   2 2 2 2 2 2 2 2 
  2 2 2 2 2 2 2 2 2 
 2 2 2 2 2 2 2 2 2 2 

depth = 53
 1 1 1 1 1 0 2 1 1 1 
  1 1 1 1 1 1 1 1 1 
   1 1 1 1 2 2 1 1 
    1 1 1 1 1 1 1 
     1 1 1 1 2 1 
      1 1 1 1 1 
       1 1 1 1 
        1 1 1 
         1 1 
          1 
         1 1 
        2 1 2 
       2 1 2 2 
      2 2 2 2 2 
     2 2 2 2 2 2 
    2 2 2 2 2 2 2 
   2 2 2 2 2 2 2 2 
  2 2 2 2 2 2 2 2 2 
 2 2 2 2 2 2 2 2 2 2 

depth = 54
 1 1 1 1 1 2 2 1 1 1 
  1 1 1 1 1 1 1 1 1 
   1 1 1 1 2 0 1 1 
    1 1 1 1 1 1 1 
     1 1 1 1 2 1 
      1 1 1 1 1 
       1 1 1 1 
        1 1 1 
         1 1 
          1 
         1 1 
        2 1 2 
       2 1 2 2 
      2 2 2 2 2 
     2 2 2 2 2 2 
    2 2 2 2 2 2 2 
   2 2 2 2 2 2 2 2 
  2 2 2 2 2 2 2 2 2 
 2 2 2 2 2 2 2 2 2 2 

depth = 55
 1 1 1 1 1 2 2 1 1 1 
  1 1 1 1 1 1 0 1 1 
   1 1 1 1 2 1 1 1 
    1 1 1 1 1 1 1 
     1 1 1 1 2 1 
      1 1 1 1 1 
       1 1 1 1 
        1 1 1 
         1 1 
          1 
         1 1 
        2 1 2 
       2 1 2 2 
      2 2 2 2 2 
     2 2 2 2 2 2 
    2 2 2 2 2 2 2 
   2 2 2 2 2 2 2 2 
  2 2 2 2 2 2 2 2 2 
 2 2 2 2 2 2 2 2 2 2 

depth = 56
 1 1 1 1 1 2 2 0 1 1 
  1 1 1 1 1 1 1 1 1 
   1 1 1 1 2 1 1 1 
    1 1 1 1 1 1 1 
     1 1 1 1 2 1 
      1 1 1 1 1 
       1 1 1 1 
        1 1 1 
         1 1 
          1 
         1 1 
        2 1 2 
       2 1 2 2 
      2 2 2 2 2 
     2 2 2 2 2 2 
    2 2 2 2 2 2 2 
   2 2 2 2 2 2 2 2 
  2 2 2 2 2 2 2 2 2 
 2 2 2 2 2 2 2 2 2 2 

depth = 57
 1 1 1 1 1 2 2 1 1 1 
  1 1 1 1 1 2 1 1 1 
   1 1 1 1 2 1 1 1 
    1 1 1 1 1 1 1 
     1 1 1 1 0 1 
      1 1 1 1 1 
       1 1 1 1 
        1 1 1 
         1 1 
          1 
         1 1 
        2 1 2 
       2 1 2 2 
      2 2 2 2 2 
     2 2 2 2 2 2 
    2 2 2 2 2 2 2 
   2 2 2 2 2 2 2 2 
  2 2 2 2 2 2 2 2 2 
 2 2 2 2 2 2 2 2 2 2 

depth = 58
 1 1 1 1 1 2 2 1 1 1 
  1 1 1 1 1 2 1 1 1 
   1 1 1 1 2 1 1 1 
    1 1 1 1 1 0 1 
     1 1 1 1 1 1 
      1 1 1 1 1 
       1 1 1 1 
        1 1 1 
         1 1 
          1 
         1 1 
        2 1 2 
       2 1 2 2 
      2 2 2 2 2 
     2 2 2 2 2 2 
    2 2 2 2 2 2 2 
   2 2 2 2 2 2 2 2 
  2 2 2 2 2 2 2 2 2 
 2 2 2 2 2 2 2 2 2 2 

depth = 59
 1 1 1 1 1 2 2 1 1 1 
  1 1 1 1 1 2 1 1 1 
   1 1 1 1 2 1 0 1 
    1 1 1 1 1 1 1 
     1 1 1 1 1 1 
      1 1 1 1 1 
       1 1 1 1 
        1 1 1 
         1 1 
          1 
         1 1 
        2 1 2 
       2 1 2 2 
      2 2 2 2 2 
     2 2 2 2 2 2 
    2 2 2 2 2 2 2 
   2 2 2 2 2 2 2 2 
  2 2 2 2 2 2 2 2 2 
 2 2 2 2 2 2 2 2 2 2 

depth = 60
 1 1 1 1 1 2 2 1 1 1 
  1 1 1 1 1 2 1 0 1 
   1 1 1 1 2 1 1 1 
    1 1 1 1 1 1 1 
     1 1 1 1 1 1 
      1 1 1 1 1 
       1 1 1 1 
        1 1 1 
         1 1 
          1 
         1 1 
        2 1 2 
       2 1 2 2 
      2 2 2 2 2 
     2 2 2 2 2 2 
    2 2 2 2 2 2 2 
   2 2 2 2 2 2 2 2 
  2 2 2 2 2 2 2 2 2 
 2 2 2 2 2 2 2 2 2 2 

depth = 61
 1 1 1 1 1 2 2 1 0 1 
  1 1 1 1 1 2 1 1 1 
   1 1 1 1 2 1 1 1 
    1 1 1 1 1 1 1 
     1 1 1 1 1 1 
      1 1 1 1 1 
       1 1 1 1 
        1 1 1 
         1 1 
          1 
         1 1 
        2 1 2 
       2 1 2 2 
      2 2 2 2 2 
     2 2 2 2 2 2 
    2 2 2 2 2 2 2 
   2 2 2 2 2 2 2 2 
  2 2 2 2 2 2 2 2 2 
 2 2 2 2 2 2 2 2 2 2 

depth = 62
 1 1 1 1 2 2 2 1 1 1 
  1 1 1 1 0 2 1 1 1 
   1 1 1 1 1 1 1 1 
    1 1 1 1 1 1 1 
     1 1 1 1 1 1 
      1 1 1 1 1 
       1 1 1 1 
        1 1 1 
         1 1 
          1 
         1 1 
        2 1 2 
       2 1 2 2 
      2 2 2 2 2 
     2 2 2 2 2 2 
    2 2 2 2 2 2 2 
   2 2 2 2 2 2 2 2 
  2 2 2 2 2 2 2 2 2 
 2 2 2 2 2 2 2 2 2 2 

depth = 63
 1 1 1 1 1 2 2 2 1 1 
  1 1 1 1 0 2 1 1 1 
   1 1 1 1 1 1 1 1 
    1 1 1 1 1 1 1 
     1 1 1 1 1 1 
      1 1 1 1 1 
       1 1 1 1 
        1 1 1 
         1 1 
          1 
         1 1 
        2 1 2 
       2 1 2 2 
      2 2 2 2 2 
     2 2 2 2 2 2 
    2 2 2 2 2 2 2 
   2 2 2 2 2 2 2 2 
  2 2 2 2 2 2 2 2 2 
 2 2 2 2 2 2 2 2 2 2 

depth = 64
 1 1 1 1 0 2 2 2 1 1 
  1 1 1 1 1 2 1 1 1 
   1 1 1 1 1 1 1 1 
    1 1 1 1 1 1 1 
     1 1 1 1 1 1 
      1 1 1 1 1 
       1 1 1 1 
        1 1 1 
         1 1 
          1 
         1 1 
        2 1 2 
       2 1 2 2 
      2 2 2 2 2 
     2 2 2 2 2 2 
    2 2 2 2 2 2 2 
   2 2 2 2 2 2 2 2 
  2 2 2 2 2 2 2 2 2 
 2 2 2 2 2 2 2 2 2 2 

depth = 65
 1 1 1 1 1 2 2 2 2 1 
  1 1 1 1 1 0 1 1 1 
   1 1 1 1 1 1 1 1 
    1 1 1 1 1 1 1 
     1 1 1 1 1 1 
      1 1 1 1 1 
       1 1 1 1 
        1 1 1 
         1 1 
          1 
         1 1 
        2 1 2 
       2 1 2 2 
      2 2 2 2 2 
     2 2 2 2 2 2 
    2 2 2 2 2 2 2 
   2 2 2 2 2 2 2 2 
  2 2 2 2 2 2 2 2 2 
 2 2 2 2 2 2 2 2 2 2 

depth = 66
 1 1 1 1 2 2 2 2 1 1 
  1 1 1 1 0 1 1 1 1 
   1 1 1 1 1 1 1 1 
    1 1 1 1 1 1 1 
     1 1 1 1 1 1 
      1 1 1 1 1 
       1 1 1 1 
        1 1 1 
         1 1 
          1 
         1 1 
        2 1 2 
       2 1 2 2 
      2 2 2 2 2 
     2 2 2 2 2 2 
    2 2 2 2 2 2 2 
   2 2 2 2 2 2 2 2 
  2 2 2 2 2 2 2 2 2 
 2 2 2 2 2 2 2 2 2 2 

depth = 67
 1 1 1 1 1 2 2 2 0 1 
  1 1 1 1 1 1 2 1 1 
   1 1 1 1 1 1 1 1 
    1 1 1 1 1 1 1 
     1 1 1 1 1 1 
      1 1 1 1 1 
       1 1 1 1 
        1 1 1 
         1 1 
          1 
         1 1 
        2 1 2 
       2 1 2 2 
      2 2 2 2 2 
     2 2 2 2 2 2 
    2 2 2 2 2 2 2 
   2 2 2 2 2 2 2 2 
  2 2 2 2 2 2 2 2 2 
 2 2 2 2 2 2 2 2 2 2 

depth = 68
 1 1 1 0 2 2 2 2 1 1 
  1 1 1 1 1 1 1 1 1 
   1 1 1 1 1 1 1 1 
    1 1 1 1 1 1 1 
     1 1 1 1 1 1 
      1 1 1 1 1 
       1 1 1 1 
        1 1 1 
         1 1 
          1 
         1 1 
        2 1 2 
       2 1 2 2 
      2 2 2 2 2 
     2 2 2 2 2 2 
    2 2 2 2 2 2 2 
   2 2 2 2 2 2 2 2 
  2 2 2 2 2 2 2 2 2 
 2 2 2 2 2 2 2 2 2 2 

depth = 69
 1 1 1 2 2 2 0 2 1 1 
  1 1 1 1 1 1 1 1 1 
   1 1 1 1 1 1 1 1 
    1 1 1 1 1 1 1 
     1 1 1 1 1 1 
      1 1 1 1 1 
       1 1 1 1 
        1 1 1 
         1 1 
          1 
         1 1 
        2 1 2 
       2 1 2 2 
      2 2 2 2 2 
     2 2 2 2 2 2 
    2 2 2 2 2 2 2 
   2 2 2 2 2 2 2 2 
  2 2 2 2 2 2 2 2 2 
 2 2 2 2 2 2 2 2 2 2 

depth = 70
 1 1 2 0 2 1 2 2 1 1 
  1 1 1 1 1 1 1 1 1 
   1 1 1 1 1 1 1 1 
    1 1 1 1 1 1 1 
     1 1 1 1 1 1 
      1 1 1 1 1 
       1 1 1 1 
        1 1 1 
         1 1 
          1 
         1 1 
        2 1 2 
       2 1 2 2 
      2 2 2 2 2 
     2 2 2 2 2 2 
    2 2 2 2 2 2 2 
   2 2 2 2 2 2 2 2 
  2 2 2 2 2 2 2 2 2 
 2 2 2 2 2 2 2 2 2 2 

depth = 71
 1 1 0 2 2 1 2 2 1 1 
  1 1 1 1 1 1 1 1 1 
   1 1 1 1 1 1 1 1 
    1 1 1 1 1 1 1 
     1 1 1 1 1 1 
      1 1 1 1 1 
       1 1 1 1 
        1 1 1 
         1 1 
          1 
         1 1 
        2 1 2 
       2 1 2 2 
      2 2 2 2 2 
     2 2 2 2 2 2 
    2 2 2 2 2 2 2 
   2 2 2 2 2 2 2 2 
  2 2 2 2 2 2 2 2 2 
 2 2 2 2 2 2 2 2 2 2 

depth = 72
 1 1 1 1 1 2 2 2 1 1 
  1 1 1 1 0 2 1 1 1 
   1 1 1 1 1 1 1 1 
    1 1 1 1 1 1 1 
     1 1 1 1 1 1 
      1 1 1 1 1 
       1 1 1 1 
        1 1 1 
         1 1 
          2 
         1 2 
        2 1 2 
       2 1 2 2 
      2 1 1 2 2 
     2 2 2 2 2 2 
    2 2 2 2 2 2 2 
   2 2 2 2 2 2 2 2 
  2 2 2 2 2 2 2 2 2 
 2 2 2 2 2 2 2 2 2 2 

depth = 73
 1 1 1 1 0 2 2 2 1 1 
  1 1 1 1 1 2 1 1 1 
   1 1 1 1 1 1 1 1 
    1 1 1 1 1 1 1 
     1 1 1 1 1 1 
      1 1 1 1 1 
       1 1 1 1 
        1 1 1 
         1 1 
          2 
         1 2 
        2 1 2 
       2 1 2 2 
      2 1 1 2 2 
     2 2 2 2 2 2 
    2 2 2 2 2 2 2 
   2 2 2 2 2 2 2 2 
  2 2 2 2 2 2 2 2 2 
 2 2 2 2 2 2 2 2 2 2 

depth = 74
 1 1 1 1 1 2 2 2 2 1 
  1 1 1 1 1 0 1 1 1 
   1 1 1 1 1 1 1 1 
    1 1 1 1 1 1 1 
     1 1 1 1 1 1 
      1 1 1 1 1 
       1 1 1 1 
        1 1 1 
         1 1 
          2 
         1 2 
        2 1 2 
       2 1 2 2 
      2 1 1 2 2 
     2 2 2 2 2 2 
    2 2 2 2 2 2 2 
   2 2 2 2 2 2 2 2 
  2 2 2 2 2 2 2 2 2 
 2 2 2 2 2 2 2 2 2 2 

depth = 75
 1 1 1 1 2 2 2 2 1 1 
  1 1 1 1 0 1 1 1 1 
   1 1 1 1 1 1 1 1 
    1 1 1 1 1 1 1 
     1 1 1 1 1 1 
      1 1 1 1 1 
       1 1 1 1 
        1 1 1 
         1 1 
          2 
         1 2 
        2 1 2 
       2 1 2 2 
      2 1 1 2 2 
     2 2 2 2 2 2 
    2 2 2 2 2 2 2 
   2 2 2 2 2 2 2 2 
  2 2 2 2 2 2 2 2 2 
 2 2 2 2 2 2 2 2 2 2 

depth = 76
 1 1 1 1 1 2 2 2 0 1 
  1 1 1 1 1 1 2 1 1 
   1 1 1 1 1 1 1 1 
    1 1 1 1 1 1 1 
     1 1 1 1 1 1 
      1 1 1 1 1 
       1 1 1 1 
        1 1 1 
         1 1 
          2 
         1 2 
        2 1 2 
       2 1 2 2 
      2 1 1 2 2 
     2 2 2 2 2 2 
    2 2 2 2 2 2 2 
   2 2 2 2 2 2 2 2 
  2 2 2 2 2 2 2 2 2 
 2 2 2 2 2 2 2 2 2 2 

depth = 77
 1 1 1 0 2 2 2 2 1 1 
  1 1 1 1 1 1 1 1 1 
   1 1 1 1 1 1 1 1 
    1 1 1 1 1 1 1 
     1 1 1 1 1 1 
      1 1 1 1 1 
       1 1 1 1 
        1 1 1 
         1 1 
          2 
         1 2 
        2 1 2 
       2 1 2 2 
      2 1 1 2 2 
     2 2 2 2 2 2 
    2 2 2 2 2 2 2 
   2 2 2 2 2 2 2 2 
  2 2 2 2 2 2 2 2 2 
 2 2 2 2 2 2 2 2 2 2 

depth = 78
 1 1 1 2 2 2 0 2 1 1 
  1 1 1 1 1 1 1 1 1 
   1 1 1 1 1 1 1 1 
    1 1 1 1 1 1 1 
     1 1 1 1 1 1 
      1 1 1 1 1 
       1 1 1 1 
        1 1 1 
         1 1 
          2 
         1 2 
        2 1 2 
       2 1 2 2 
      2 1 1 2 2 
     2 2 2 2 2 2 
    2 2 2 2 2 2 2 
   2 2 2 2 2 2 2 2 
  2 2 2 2 2 2 2 2 2 
 2 2 2 2 2 2 2 2 2 2 

depth = 79
 1 1 1 1 1 1 2 2 1 1 
  1 1 1 1 1 2 1 1 1 
   1 1 1 1 2 1 0 1 
    1 1 1 1 1 1 1 
     1 1 1 1 1 1 
      1 1 2 1 1 
       1 1 1 1 
        2 1 1 
         1 1 
          1 
         1 2 
        1 1 2 
       2 1 2 2 
      2 1 1 2 2 
     2 2 2 2 2 2 
    2 2 2 2 2 2 2 
   2 2 2 2 2 2 2 2 
  2 2 2 2 2 2 2 2 2 
 2 2 2 2 2 2 2 2 2 2 

depth = 80
 1 1 1 1 1 1 2 2 1 1 
  1 1 1 1 1 2 1 0 1 
   1 1 1 1 2 1 1 1 
    1 1 1 1 1 1 1 
     1 1 1 1 1 1 
      1 1 2 1 1 
       1 1 1 1 
        2 1 1 
         1 1 
          1 
         1 2 
        1 1 2 
       2 1 2 2 
      2 1 1 2 2 
     2 2 2 2 2 2 
    2 2 2 2 2 2 2 
   2 2 2 2 2 2 2 2 
  2 2 2 2 2 2 2 2 2 
 2 2 2 2 2 2 2 2 2 2 

depth = 81
 1 1 1 1 1 1 2 2 0 1 
  1 1 1 1 1 2 1 1 1 
   1 1 1 1 2 1 1 1 
    1 1 1 1 1 1 1 
     1 1 1 1 1 1 
      1 1 2 1 1 
       1 1 1 1 
        2 1 1 
         1 1 
          1 
         1 2 
        1 1 2 
       2 1 2 2 
      2 1 1 2 2 
     2 2 2 2 2 2 
    2 2 2 2 2 2 2 
   2 2 2 2 2 2 2 2 
  2 2 2 2 2 2 2 2 2 
 2 2 2 2 2 2 2 2 2 2 

depth = 82
 1 1 1 1 1 2 2 2 1 1 
  1 1 1 1 1 2 1 1 1 
   1 1 1 1 0 1 1 1 
    1 1 1 1 1 1 1 
     1 1 1 1 1 1 
      1 1 2 1 1 
       1 1 1 1 
        2 1 1 
         1 1 
          1 
         1 2 
        1 1 2 
       2 1 2 2 
      2 1 1 2 2 
     2 2 2 2 2 2 
    2 2 2 2 2 2 2 
   2 2 2 2 2 2 2 2 
  2 2 2 2 2 2 2 2 2 
 2 2 2 2 2 2 2 2 2 2 

depth = 83
 1 1 1 1 1 2 2 2 1 1 
  1 1 1 1 0 2 1 1 1 
   1 1 1 1 1 1 1 1 
    1 1 1 1 1 1 1 
     1 1 1 1 1 1 
      1 1 2 1 1 
       1 1 1 1 
        2 1 1 
         1 1 
          1 
         1 2 
        1 1 2 
       2 1 2 2 
      2 1 1 2 2 
     2 2 2 2 2 2 
    2 2 2 2 2 2 2 
   2 2 2 2 2 2 2 2 
  2 2 2 2 2 2 2 2 2 
 2 2 2 2 2 2 2 2 2 2 

depth = 84
 1 1 1 1 0 2 2 2 1 1 
  1 1 1 1 1 2 1 1 1 
   1 1 1 1 1 1 1 1 
    1 1 1 1 1 1 1 
     1 1 1 1 1 1 
      1 1 2 1 1 
       1 1 1 1 
        2 1 1 
         1 1 
          1 
         1 2 
        1 1 2 
       2 1 2 2 
      2 1 1 2 2 
     2 2 2 2 2 2 
    2 2 2 2 2 2 2 
   2 2 2 2 2 2 2 2 
  2 2 2 2 2 2 2 2 2 
 2 2 2 2 2 2 2 2 2 2 

depth = 85
 1 1 1 1 1 2 2 2 1 1 
  1 1 1 1 1 0 1 1 1 
   1 1 1 1 2 1 1 1 
    1 1 1 1 2 1 1 
     1 1 1 1 1 1 
      1 1 2 1 1 
       1 1 1 1 
        1 1 1 
         1 1 
          1 
         1 2 
        1 1 2 
       2 1 2 2 
      2 1 1 2 2 
     2 2 2 2 2 2 
    2 2 2 2 2 2 2 
   2 2 2 2 2 2 2 2 
  2 2 2 2 2 2 2 2 2 
 2 2 2 2 2 2 2 2 2 2 

depth = 86
 1 1 1 1 1 2 2 2 1 1 
  1 1 1 1 1 2 1 1 1 
   1 1 1 1 0 1 1 1 
    1 1 1 1 2 1 1 
     1 1 1 1 1 1 
      1 1 2 1 1 
       1 1 1 1 
        1 1 1 
         1 1 
          1 
         1 2 
        1 1 2 
       2 1 2 2 
      2 1 1 2 2 
     2 2 2 2 2 2 
    2 2 2 2 2 2 2 
   2 2 2 2 2 2 2 2 
  2 2 2 2 2 2 2 2 2 
 2 2 2 2 2 2 2 2 2 2 

depth = 87
 1 1 1 1 1 2 2 2 1 1 
  1 1 1 1 0 2 1 1 1 
   1 1 1 1 1 1 1 1 
    1 1 1 1 2 1 1 
     1 1 1 1 1 1 
      1 1 2 1 1 
       1 1 1 1 
        1 1 1 
         1 1 
          1 
         1 2 
        1 1 2 
       2 1 2 2 
      2 1 1 2 2 
     2 2 2 2 2 2 
    2 2 2 2 2 2 2 
   2 2 2 2 2 2 2 2 
  2 2 2 2 2 2 2 2 2 
 2 2 2 2 2 2 2 2 2 2 

depth = 88
 1 1 1 1 1 2 2 2 1 1 
  1 1 1 1 2 2 1 1 1 
   1 1 1 1 1 1 1 1 
    1 1 1 1 0 1 1 
     1 1 1 1 1 1 
      1 1 2 1 1 
       1 1 1 1 
        1 1 1 
         1 1 
          1 
         1 2 
        1 1 2 
       2 1 2 2 
      2 1 1 2 2 
     2 2 2 2 2 2 
    2 2 2 2 2 2 2 
   2 2 2 2 2 2 2 2 
  2 2 2 2 2 2 2 2 2 
 2 2 2 2 2 2 2 2 2 2 

depth = 89
 1 1 1 1 1 2 2 2 1 1 
  1 1 1 1 2 2 1 1 1 
   1 1 1 1 1 1 1 1 
    1 1 1 1 2 1 1 
     1 1 1 1 1 1 
      1 1 0 1 1 
       1 1 1 1 
        1 1 1 
         1 1 
          1 
         1 2 
        1 1 2 
       2 1 2 2 
      2 1 1 2 2 
     2 2 2 2 2 2 
    2 2 2 2 2 2 2 
   2 2 2 2 2 2 2 2 
  2 2 2 2 2 2 2 2 2 
 2 2 2 2 2 2 2 2 2 2 

depth = 90
 1 1 1 1 1 2 2 2 1 1 
  1 1 1 1 2 2 1 1 1 
   1 1 1 1 1 1 1 1 
    1 1 1 1 2 1 1 
     1 1 1 0 1 1 
      1 1 1 1 1 
       1 1 1 1 
        1 1 1 
         1 1 
          1 
         1 2 
        1 1 2 
       2 1 2 2 
      2 1 1 2 2 
     2 2 2 2 2 2 
    2 2 2 2 2 2 2 
   2 2 2 2 2 2 2 2 
  2 2 2 2 2 2 2 2 2 
 2 2 2 2 2 2 2 2 2 2 

depth = 91
 1 1 1 1 1 2 2 2 1 1 
  1 1 1 1 2 2 1 1 1 
   1 1 1 1 1 0 1 1 
    1 1 1 1 2 1 1 
     1 1 1 1 1 1 
      1 1 1 1 1 
       1 1 1 1 
        1 1 1 
         1 1 
          1 
         1 2 
        1 1 2 
       2 1 2 2 
      2 1 1 2 2 
     2 2 2 2 2 2 
    2 2 2 2 2 2 2 
   2 2 2 2 2 2 2 2 
  2 2 2 2 2 2 2 2 2 
 2 2 2 2 2 2 2 2 2 2 

depth = 92
 1 1 1 1 1 2 2 2 1 1 
  1 1 1 1 2 2 0 1 1 
   1 1 1 1 1 1 1 1 
    1 1 1 1 2 1 1 
     1 1 1 1 1 1 
      1 1 1 1 1 
       1 1 1 1 
        1 1 1 
         1 1 
          1 
         1 2 
        1 1 2 
       2 1 2 2 
      2 1 1 2 2 
     2 2 2 2 2 2 
    2 2 2 2 2 2 2 
   2 2 2 2 2 2 2 2 
  2 2 2 2 2 2 2 2 2 
 2 2 2 2 2 2 2 2 2 2 

depth = 93
 1 1 1 1 1 2 2 2 1 1 
  1 1 1 1 2 2 2 1 1 
   1 1 1 1 1 1 1 1 
    1 1 1 1 0 1 1 
     1 1 1 1 1 1 
      1 1 1 1 1 
       1 1 1 1 
        1 1 1 
         1 1 
          1 
         1 2 
        1 1 2 
       2 1 2 2 
      2 1 1 2 2 
     2 2 2 2 2 2 
    2 2 2 2 2 2 2 
   2 2 2 2 2 2 2 2 
  2 2 2 2 2 2 2 2 2 
 2 2 2 2 2 2 2 2 2 2 

depth = 94
 1 1 1 1 1 2 2 2 1 1 
  1 1 1 1 2 2 2 1 1 
   1 1 1 1 1 0 1 1 
    1 1 1 1 1 1 1 
     1 1 1 1 1 1 
      1 1 1 1 1 
       1 1 1 1 
        1 1 1 
         1 1 
          1 
         1 2 
        1 1 2 
       2 1 2 2 
      2 1 1 2 2 
     2 2 2 2 2 2 
    2 2 2 2 2 2 2 
   2 2 2 2 2 2 2 2 
  2 2 2 2 2 2 2 2 2 
 2 2 2 2 2 2 2 2 2 2 

depth = 95
 1 1 1 1 0 2 2 2 1 1 
  1 1 1 1 2 2 2 1 1 
   1 1 1 1 1 1 1 1 
    1 1 1 1 1 1 1 
     1 1 1 1 1 1 
      1 1 1 1 1 
       1 1 1 1 
        1 1 1 
         1 1 
          1 
         1 2 
        1 1 2 
       2 1 2 2 
      2 1 1 2 2 
     2 2 2 2 2 2 
    2 2 2 2 2 2 2 
   2 2 2 2 2 2 2 2 
  2 2 2 2 2 2 2 2 2 
 2 2 2 2 2 2 2 2 2 2 

depth = 96
 1 1 1 1 2 2 2 2 1 1 
  1 1 1 1 0 2 2 1 1 
   1 1 1 1 1 1 1 1 
    1 1 1 1 1 1 1 
     1 1 1 1 1 1 
      1 1 1 1 1 
       1 1 1 1 
        1 1 1 
         1 1 
          1 
         1 2 
        1 1 2 
       2 1 2 2 
      2 1 1 2 2 
     2 2 2 2 2 2 
    2 2 2 2 2 2 2 
   2 2 2 2 2 2 2 2 
  2 2 2 2 2 2 2 2 2 
 2 2 2 2 2 2 2 2 2 2 

depth = 97
 1 1 1 1 2 2 2 2 1 1 
  1 1 1 1 2 2 0 1 1 
   1 1 1 1 1 1 1 1 
    1 1 1 1 1 1 1 
     1 1 1 1 1 1 
      1 1 1 1 1 
       1 1 1 1 
        1 1 1 
         1 1 
          1 
         1 2 
        1 1 2 
       2 1 2 2 
      2 1 1 2 2 
     2 2 2 2 2 2 
    2 2 2 2 2 2 2 
   2 2 2 2 2 2 2 2 
  2 2 2 2 2 2 2 2 2 
 2 2 2 2 2 2 2 2 2 2 

depth = 98
 1 1 1 1 2 2 2 2 1 1 
  1 1 1 0 2 2 1 1 1 
   1 1 1 1 1 1 1 1 
    1 1 1 1 1 1 1 
     1 1 1 1 1 1 
      1 1 1 1 1 
       1 1 1 1 
        1 1 1 
         1 1 
          1 
         1 2 
        1 1 2 
       2 1 2 2 
      2 1 1 2 2 
     2 2 2 2 2 2 
    2 2 2 2 2 2 2 
   2 2 2 2 2 2 2 2 
  2 2 2 2 2 2 2 2 2 
 2 2 2 2 2 2 2 2 2 2 

depth = 99
 1 1 1 0 2 2 2 2 1 1 
  1 1 1 1 2 2 1 1 1 
   1 1 1 1 1 1 1 1 
    1 1 1 1 1 1 1 
     1 1 1 1 1 1 
      1 1 1 1 1 
       1 1 1 1 
        1 1 1 
         1 1 
          1 
         1 2 
        1 1 2 
       2 1 2 2 
      2 1 1 2 2 
     2 2 2 2 2 2 
    2 2 2 2 2 2 2 
   2 2 2 2 2 2 2 2 
  2 2 2 2 2 2 2 2 2 
 2 2 2 2 2 2 2 2 2 2 

depth = 100
 1 1 1 2 2 2 2 2 1 1 
  1 1 1 1 0 2 1 1 1 
   1 1 1 1 1 1 1 1 
    1 1 1 1 1 1 1 
     1 1 1 1 1 1 
      1 1 1 1 1 
       1 1 1 1 
        1 1 1 
         1 1 
          1 
         1 2 
        1 1 2 
       2 1 2 2 
      2 1 1 2 2 
     2 2 2 2 2 2 
    2 2 2 2 2 2 2 
   2 2 2 2 2 2 2 2 
  2 2 2 2 2 2 2 2 2 
 2 2 2 2 2 2 2 2 2 2 

depth = 101
 1 1 1 2 2 2 2 2 1 1 
  1 1 1 1 2 1 0 1 1 
   1 1 1 1 1 1 1 1 
    1 1 1 1 1 1 1 
     1 1 1 1 1 1 
      1 1 1 1 1 
       1 1 1 1 
        1 1 1 
         1 1 
          1 
         1 2 
        1 1 2 
       2 1 2 2 
      2 1 1 2 2 
     2 2 2 2 2 2 
    2 2 2 2 2 2 2 
   2 2 2 2 2 2 2 2 
  2 2 2 2 2 2 2 2 2 
 2 2 2 2 2 2 2 2 2 2 

depth = 102
 1 1 2 1 2 2 2 2 1 1 
  1 1 1 1 2 1 0 1 1 
   1 1 1 1 1 1 1 1 
    1 1 1 1 1 1 1 
     1 1 1 1 1 1 
      1 1 1 1 1 
       1 1 1 1 
        1 1 1 
         1 1 
          1 
         1 2 
        1 1 2 
       2 1 2 2 
      2 1 1 2 2 
     2 2 2 2 2 2 
    2 2 2 2 2 2 2 
   2 2 2 2 2 2 2 2 
  2 2 2 2 2 2 2 2 2 
 2 2 2 2 2 2 2 2 2 2 

depth = 103
 1 1 1 2 2 2 2 2 1 1 
  1 1 1 1 1 0 2 1 1 
   1 1 1 1 1 1 1 1 
    1 1 1 1 1 1 1 
     1 1 1 1 1 1 
      1 1 1 1 1 
       1 1 1 1 
        1 1 1 
         1 1 
          1 
         1 2 
        1 1 2 
       2 1 2 2 
      2 1 1 2 2 
     2 2 2 2 2 2 
    2 2 2 2 2 2 2 
   2 2 2 2 2 2 2 2 
  2 2 2 2 2 2 2 2 2 
 2 2 2 2 2 2 2 2 2 2 

depth = 104
 1 1 0 1 2 2 2 2 2 1 
  1 1 1 1 1 2 1 1 1 
   1 1 1 1 1 1 1 1 
    1 1 1 1 1 1 1 
     1 1 1 1 1 1 
      1 1 1 1 1 
       1 1 1 1 
        1 1 1 
         1 1 
          1 
         1 2 
        1 1 2 
       2 1 2 2 
      2 1 1 2 2 
     2 2 2 2 2 2 
    2 2 2 2 2 2 2 
   2 2 2 2 2 2 2 2 
  2 2 2 2 2 2 2 2 2 
 2 2 2 2 2 2 2 2 2 2 

depth = 105
 1 1 2 2 0 2 2 2 1 1 
  1 1 1 1 1 1 2 1 1 
   1 1 1 1 1 1 1 1 
    1 1 1 1 1 1 1 
     1 1 1 1 1 1 
      1 1 1 1 1 
       1 1 1 1 
        1 1 1 
         1 1 
          1 
         1 2 
        1 1 2 
       2 1 2 2 
      2 1 1 2 2 
     2 2 2 2 2 2 
    2 2 2 2 2 2 2 
   2 2 2 2 2 2 2 2 
  2 2 2 2 2 2 2 2 2 
 2 2 2 2 2 2 2 2 2 2 

depth = 106
 1 1 1 1 1 2 2 2 1 1 
  1 1 1 1 1 0 1 1 1 
   1 1 1 1 2 1 1 1 
    1 1 1 1 2 1 1 
     1 1 1 1 1 1 
      1 1 2 1 1 
       1 1 1 1 
        1 1 2 
         2 1 
          1 
         1 2 
        1 1 2 
       2 2 2 2 
      2 1 1 2 2 
     2 1 2 2 2 1 
    2 2 2 2 1 2 2 
   2 2 2 2 2 2 2 2 
  2 2 2 2 2 2 2 2 2 
 2 2 2 2 2 2 2 2 2 2 

depth = 107
 1 1 1 1 1 2 2 2 1 1 
  1 1 1 1 1 2 1 1 1 
   1 1 1 1 0 1 1 1 
    1 1 1 1 2 1 1 
     1 1 1 1 1 1 
      1 1 2 1 1 
       1 1 1 1 
        1 1 2 
         2 1 
          1 
         1 2 
        1 1 2 
       2 2 2 2 
      2 1 1 2 2 
     2 1 2 2 2 1 
    2 2 2 2 1 2 2 
   2 2 2 2 2 2 2 2 
  2 2 2 2 2 2 2 2 2 
 2 2 2 2 2 2 2 2 2 2 

depth = 108
 1 1 1 1 1 2 2 2 1 1 
  1 1 1 1 0 2 1 1 1 
   1 1 1 1 1 1 1 1 
    1 1 1 1 2 1 1 
     1 1 1 1 1 1 
      1 1 2 1 1 
       1 1 1 1 
        1 1 2 
         2 1 
          1 
         1 2 
        1 1 2 
       2 2 2 2 
      2 1 1 2 2 
     2 1 2 2 2 1 
    2 2 2 2 1 2 2 
   2 2 2 2 2 2 2 2 
  2 2 2 2 2 2 2 2 2 
 2 2 2 2 2 2 2 2 2 2 

depth = 109
 1 1 1 1 1 2 2 2 1 1 
  1 1 1 1 2 2 1 1 1 
   1 1 1 1 1 1 1 1 
    1 1 1 1 0 1 1 
     1 1 1 1 1 1 
      1 1 2 1 1 
       1 1 1 1 
        1 1 2 
         2 1 
          1 
         1 2 
        1 1 2 
       2 2 2 2 
      2 1 1 2 2 
     2 1 2 2 2 1 
    2 2 2 2 1 2 2 
   2 2 2 2 2 2 2 2 
  2 2 2 2 2 2 2 2 2 
 2 2 2 2 2 2 2 2 2 2 

depth = 110
 1 1 1 1 1 2 2 2 1 1 
  1 1 1 1 2 2 1 1 1 
   1 1 1 1 1 1 1 1 
    1 1 1 1 2 1 1 
     1 1 1 1 1 1 
      1 1 0 1 1 
       1 1 1 1 
        1 1 2 
         2 1 
          1 
         1 2 
        1 1 2 
       2 2 2 2 
      2 1 1 2 2 
     2 1 2 2 2 1 
    2 2 2 2 1 2 2 
   2 2 2 2 2 2 2 2 
  2 2 2 2 2 2 2 2 2 
 2 2 2 2 2 2 2 2 2 2 

depth = 111
 1 1 1 1 1 2 2 2 1 1 
  1 1 1 1 2 2 1 1 1 
   1 1 1 1 1 1 1 1 
    1 1 1 1 2 1 1 
     1 1 1 1 1 1 
      1 1 2 1 1 
       1 1 1 1 
        1 1 0 
         2 1 
          1 
         1 2 
        1 1 2 
       2 2 2 2 
      2 1 1 2 2 
     2 1 2 2 2 1 
    2 2 2 2 1 2 2 
   2 2 2 2 2 2 2 2 
  2 2 2 2 2 2 2 2 2 
 2 2 2 2 2 2 2 2 2 2 

depth = 112
 1 1 1 1 1 2 2 2 1 1 
  1 1 1 1 2 2 1 1 1 
   1 1 1 1 1 1 1 1 
    1 1 1 1 2 1 1 
     1 1 1 1 1 1 
      1 1 2 1 1 
       1 1 1 0 
        1 1 1 
         2 1 
          1 
         1 2 
        1 1 2 
       2 2 2 2 
      2 1 1 2 2 
     2 1 2 2 2 1 
    2 2 2 2 1 2 2 
   2 2 2 2 2 2 2 2 
  2 2 2 2 2 2 2 2 2 
 2 2 2 2 2 2 2 2 2 2 

depth = 113
 1 1 1 1 1 2 2 2 1 1 
  1 1 1 1 2 2 1 1 1 
   1 1 1 1 1 1 1 1 
    1 1 1 1 2 1 1 
     1 1 1 1 1 1 
      1 1 2 1 0 
       1 1 1 1 
        1 1 1 
         2 1 
          1 
         1 2 
        1 1 2 
       2 2 2 2 
      2 1 1 2 2 
     2 1 2 2 2 1 
    2 2 2 2 1 2 2 
   2 2 2 2 2 2 2 2 
  2 2 2 2 2 2 2 2 2 
 2 2 2 2 2 2 2 2 2 2 

depth = 114
 1 1 1 1 1 2 2 2 1 1 
  1 1 1 1 2 2 1 1 1 
   1 1 1 1 1 1 1 1 
    1 1 1 1 2 1 1 
     1 1 1 1 1 0 
      1 1 2 1 1 
       1 1 1 1 
        1 1 1 
         2 1 
          1 
         1 2 
        1 1 2 
       2 2 2 2 
      2 1 1 2 2 
     2 1 2 2 2 1 
    2 2 2 2 1 2 2 
   2 2 2 2 2 2 2 2 
  2 2 2 2 2 2 2 2 2 
 2 2 2 2 2 2 2 2 2 2 

depth = 115
 1 1 1 1 1 2 2 2 1 1 
  1 1 1 1 2 2 1 1 1 
   1 1 1 1 1 1 1 1 
    1 1 1 1 2 1 0 
     1 1 1 1 1 1 
      1 1 2 1 1 
       1 1 1 1 
        1 1 1 
         2 1 
          1 
         1 2 
        1 1 2 
       2 2 2 2 
      2 1 1 2 2 
     2 1 2 2 2 1 
    2 2 2 2 1 2 2 
   2 2 2 2 2 2 2 2 
  2 2 2 2 2 2 2 2 2 
 2 2 2 2 2 2 2 2 2 2 

depth = 116
 1 1 1 1 1 2 2 2 1 1 
  1 1 1 1 2 2 1 1 1 
   1 1 1 1 1 1 1 0 
    1 1 1 1 2 1 1 
     1 1 1 1 1 1 
      1 1 2 1 1 
       1 1 1 1 
        1 1 1 
         2 1 
          1 
         1 2 
        1 1 2 
       2 2 2 2 
      2 1 1 2 2 
     2 1 2 2 2 1 
    2 2 2 2 1 2 2 
   2 2 2 2 2 2 2 2 
  2 2 2 2 2 2 2 2 2 
 2 2 2 2 2 2 2 2 2 2 

depth = 117
 1 1 1 1 1 2 2 2 1 1 
  1 1 1 1 2 2 1 1 0 
   1 1 1 1 1 1 1 1 
    1 1 1 1 2 1 1 
     1 1 1 1 1 1 
      1 1 2 1 1 
       1 1 1 1 
        1 1 1 
         2 1 
          1 
         1 2 
        1 1 2 
       2 2 2 2 
      2 1 1 2 2 
     2 1 2 2 2 1 
    2 2 2 2 1 2 2 
   2 2 2 2 2 2 2 2 
  2 2 2 2 2 2 2 2 2 
 2 2 2 2 2 2 2 2 2 2 

depth = 118
 1 1 1 1 1 2 2 2 1 0 
  1 1 1 1 2 2 1 1 1 
   1 1 1 1 1 1 1 1 
    1 1 1 1 2 1 1 
     1 1 1 1 1 1 
      1 1 2 1 1 
       1 1 1 1 
        1 1 1 
         2 1 
          1 
         1 2 
        1 1 2 
       2 2 2 2 
      2 1 1 2 2 
     2 1 2 2 2 1 
    2 2 2 2 1 2 2 
   2 2 2 2 2 2 2 2 
  2 2 2 2 2 2 2 2 2 
 2 2 2 2 2 2 2 2 2 2 

depth = 119
 1 1 1 1 1 2 2 2 1 1 
  1 1 1 1 2 2 2 1 1 
   1 1 1 1 1 1 1 1 
    1 1 1 1 2 1 1 
     1 1 1 1 1 1 
      1 1 0 1 1 
       1 1 1 1 
        1 1 1 
         2 1 
          1 
         1 2 
        1 1 2 
       2 2 2 2 
      2 1 1 2 2 
     2 1 2 2 2 1 
    2 2 2 2 1 2 2 
   2 2 2 2 2 2 2 2 
  2 2 2 2 2 2 2 2 2 
 2 2 2 2 2 2 2 2 2 2 

depth = 120
 1 1 1 1 1 2 2 2 1 1 
  1 1 1 1 2 2 2 1 1 
   1 1 1 1 1 1 1 1 
    1 1 1 1 2 1 1 
     1 1 1 0 1 1 
      1 1 1 1 1 
       1 1 1 1 
        1 1 1 
         2 1 
          1 
         1 2 
        1 1 2 
       2 2 2 2 
      2 1 1 2 2 
     2 1 2 2 2 1 
    2 2 2 2 1 2 2 
   2 2 2 2 2 2 2 2 
  2 2 2 2 2 2 2 2 2 
 2 2 2 2 2 2 2 2 2 2 

depth = 121
 1 1 1 1 1 2 2 2 1 1 
  1 1 1 1 2 2 2 1 1 
   1 1 1 1 1 0 1 1 
    1 1 1 1 2 1 1 
     1 1 1 1 1 1 
      1 1 1 1 1 
       1 1 1 1 
        1 1 1 
         2 1 
          1 
         1 2 
        1 1 2 
       2 2 2 2 
      2 1 1 2 2 
     2 1 2 2 2 1 
    2 2 2 2 1 2 2 
   2 2 2 2 2 2 2 2 
  2 2 2 2 2 2 2 2 2 
 2 2 2 2 2 2 2 2 2 2 

depth = 122
 1 1 1 1 1 2 2 2 1 1 
  1 1 1 1 2 2 2 1 1 
   1 1 1 1 1 2 1 1 
    1 1 1 1 0 1 1 
     1 1 1 1 1 1 
      1 1 1 1 1 
       1 1 1 1 
        1 1 1 
         2 1 
          1 
         1 2 
        1 1 2 
       2 2 2 2 
      2 1 1 2 2 
     2 1 2 2 2 1 
    2 2 2 2 1 2 2 
   2 2 2 2 2 2 2 2 
  2 2 2 2 2 2 2 2 2 
 2 2 2 2 2 2 2 2 2 2 

depth = 123
 1 1 1 1 1 2 2 2 1 1 
  1 1 1 1 2 2 2 1 1 
   1 1 1 1 0 2 1 1 
    1 1 1 1 1 1 1 
     1 1 1 1 1 1 
      1 1 1 1 1 
       1 1 1 1 
        1 1 1 
         2 1 
          1 
         1 2 
        1 1 2 
       2 2 2 2 
      2 1 1 2 2 
     2 1 2 2 2 1 
    2 2 2 2 1 2 2 
   2 2 2 2 2 2 2 2 
  2 2 2 2 2 2 2 2 2 
 2 2 2 2 2 2 2 2 2 2 

depth = 124
 1 1 1 1 0 2 2 2 1 1 
  1 1 1 1 2 2 2 1 1 
   1 1 1 1 1 2 1 1 
    1 1 1 1 1 1 1 
     1 1 1 1 1 1 
      1 1 1 1 1 
       1 1 1 1 
        1 1 1 
         2 1 
          1 
         1 2 
        1 1 2 
       2 2 2 2 
      2 1 1 2 2 
     2 1 2 2 2 1 
    2 2 2 2 1 2 2 
   2 2 2 2 2 2 2 2 
  2 2 2 2 2 2 2 2 2 
 2 2 2 2 2 2 2 2 2 2 

depth = 125
 1 1 1 1 2 2 2 2 1 1 
  1 1 1 1 0 2 2 1 1 
   1 1 1 1 1 2 1 1 
    1 1 1 1 1 1 1 
     1 1 1 1 1 1 
      1 1 1 1 1 
       1 1 1 1 
        1 1 1 
         2 1 
          1 
         1 2 
        1 1 2 
       2 2 2 2 
      2 1 1 2 2 
     2 1 2 2 2 1 
    2 2 2 2 1 2 2 
   2 2 2 2 2 2 2 2 
  2 2 2 2 2 2 2 2 2 
 2 2 2 2 2 2 2 2 2 2 

depth = 126
 1 1 1 1 2 2 2 2 1 1 
  1 1 1 1 2 2 2 1 1 
   1 1 1 1 1 0 1 1 
    1 1 1 1 1 1 1 
     1 1 1 1 1 1 
      1 1 1 1 1 
       1 1 1 1 
        1 1 1 
         2 1 
          1 
         1 2 
        1 1 2 
       2 2 2 2 
      2 1 1 2 2 
     2 1 2 2 2 1 
    2 2 2 2 1 2 2 
   2 2 2 2 2 2 2 2 
  2 2 2 2 2 2 2 2 2 
 2 2 2 2 2 2 2 2 2 2 

depth = 127
 1 1 1 0 2 2 2 2 1 1 
  1 1 1 1 2 2 1 1 1 
   1 1 1 1 1 2 1 1 
    1 1 1 1 1 1 1 
     1 1 1 1 1 1 
      1 1 1 1 1 
       1 1 1 1 
        1 1 1 
         2 1 
          1 
         1 2 
        1 1 2 
       2 2 2 2 
      2 1 1 2 2 
     2 1 2 2 2 1 
    2 2 2 2 1 2 2 
   2 2 2 2 2 2 2 2 
  2 2 2 2 2 2 2 2 2 
 2 2 2 2 2 2 2 2 2 2 

depth = 128
 1 1 1 0 2 2 2 2 1 1 
  1 1 1 1 2 2 2 1 1 
   1 1 1 1 1 1 1 1 
    1 1 1 1 1 1 1 
     1 1 1 1 1 1 
      1 1 1 1 1 
       1 1 1 1 
        1 1 1 
         2 1 
          1 
         1 2 
        1 1 2 
       2 2 2 2 
      2 1 1 2 2 
     2 1 2 2 2 1 
    2 2 2 2 1 2 2 
   2 2 2 2 2 2 2 2 
  2 2 2 2 2 2 2 2 2 
 2 2 2 2 2 2 2 2 2 2 

depth = 129
 1 1 1 2 2 2 2 2 1 1 
  1 1 1 1 2 2 0 1 1 
   1 1 1 1 1 1 1 1 
    1 1 1 1 1 1 1 
     1 1 1 1 1 1 
      1 1 1 1 1 
       1 1 1 1 
        1 1 1 
         2 1 
          1 
         1 2 
        1 1 2 
       2 2 2 2 
      2 1 1 2 2 
     2 1 2 2 2 1 
    2 2 2 2 1 2 2 
   2 2 2 2 2 2 2 2 
  2 2 2 2 2 2 2 2 2 
 2 2 2 2 2 2 2 2 2 2 

depth = 130
 1 1 1 1 1 2 2 2 1 1 
  1 1 1 1 2 2 1 1 1 
   1 1 1 1 1 1 1 1 
    1 1 1 1 2 1 1 
     1 1 1 1 1 1 
      1 1 2 1 1 
       1 1 2 1 
        1 1 1 
         2 1 
          0 
         2 2 
        1 1 2 
       2 2 2 2 
      2 1 1 2 2 
     2 1 1 2 2 2 
    2 2 2 2 1 2 2 
   2 2 2 2 2 1 2 2 
  2 2 2 2 2 1 2 2 2 
 2 2 2 2 2 2 2 2 2 2 

depth = 131
 1 1 1 1 1 2 2 2 1 1 
  1 1 1 1 2 2 1 1 1 
   1 1 1 1 1 1 1 1 
    1 1 1 1 2 1 1 
     1 1 1 1 1 1 
      1 1 2 1 1 
       1 1 2 1 
        0 1 1 
         2 1 
          1 
         2 2 
        1 1 2 
       2 2 2 2 
      2 1 1 2 2 
     2 1 1 2 2 2 
    2 2 2 2 1 2 2 
   2 2 2 2 2 1 2 2 
  2 2 2 2 2 1 2 2 2 
 2 2 2 2 2 2 2 2 2 2 

depth = 132
 1 1 1 1 1 2 2 2 1 1 
  1 1 1 1 2 2 1 1 1 
   1 1 1 1 1 1 1 1 
    1 1 1 1 2 1 1 
     1 1 1 1 1 1 
      1 1 2 1 1 
       1 0 2 1 
        1 1 1 
         2 1 
          1 
         2 2 
        1 1 2 
       2 2 2 2 
      2 1 1 2 2 
     2 1 1 2 2 2 
    2 2 2 2 1 2 2 
   2 2 2 2 2 1 2 2 
  2 2 2 2 2 1 2 2 2 
 2 2 2 2 2 2 2 2 2 2 

depth = 133
 1 1 1 1 1 2 2 2 1 1 
  1 1 1 1 2 2 1 1 1 
   1 1 1 1 1 1 1 1 
    1 1 1 1 2 1 1 
     1 1 1 0 1 1 
      1 1 2 1 1 
       1 1 2 1 
        1 1 1 
         2 1 
          1 
         2 2 
        1 1 2 
       2 2 2 2 
      2 1 1 2 2 
     2 1 1 2 2 2 
    2 2 2 2 1 2 2 
   2 2 2 2 2 1 2 2 
  2 2 2 2 2 1 2 2 2 
 2 2 2 2 2 2 2 2 2 2 

depth = 134
 1 1 1 1 1 2 2 2 1 1 
  1 1 1 1 2 2 1 1 1 
   1 1 1 1 1 0 1 1 
    1 1 1 1 2 1 1 
     1 1 1 1 1 1 
      1 1 2 1 1 
       1 1 2 1 
        1 1 1 
         2 1 
          1 
         2 2 
        1 1 2 
       2 2 2 2 
      2 1 1 2 2 
     2 1 1 2 2 2 
    2 2 2 2 1 2 2 
   2 2 2 2 2 1 2 2 
  2 2 2 2 2 1 2 2 2 
 2 2 2 2 2 2 2 2 2 2 

depth = 135
 1 1 1 1 1 2 2 2 1 1 
  1 1 1 1 2 2 0 1 1 
   1 1 1 1 1 1 1 1 
    1 1 1 1 2 1 1 
     1 1 1 1 1 1 
      1 1 2 1 1 
       1 1 2 1 
        1 1 1 
         2 1 
          1 
         2 2 
        1 1 2 
       2 2 2 2 
      2 1 1 2 2 
     2 1 1 2 2 2 
    2 2 2 2 1 2 2 
   2 2 2 2 2 1 2 2 
  2 2 2 2 2 1 2 2 2 
 2 2 2 2 2 2 2 2 2 2 

depth = 136
 1 1 1 1 1 2 2 2 1 1 
  1 1 1 1 2 2 2 1 1 
   1 1 1 1 1 1 1 1 
    1 1 1 1 0 1 1 
     1 1 1 1 1 1 
      1 1 2 1 1 
       1 1 2 1 
        1 1 1 
         2 1 
          1 
         2 2 
        1 1 2 
       2 2 2 2 
      2 1 1 2 2 
     2 1 1 2 2 2 
    2 2 2 2 1 2 2 
   2 2 2 2 2 1 2 2 
  2 2 2 2 2 1 2 2 2 
 2 2 2 2 2 2 2 2 2 2 

depth = 137
 1 1 1 1 1 2 2 2 1 1 
  1 1 1 1 2 2 2 1 1 
   1 1 1 1 1 1 1 1 
    1 1 1 1 2 1 1 
     1 1 1 1 1 1 
      1 1 0 1 1 
       1 1 2 1 
        1 1 1 
         2 1 
          1 
         2 2 
        1 1 2 
       2 2 2 2 
      2 1 1 2 2 
     2 1 1 2 2 2 
    2 2 2 2 1 2 2 
   2 2 2 2 2 1 2 2 
  2 2 2 2 2 1 2 2 2 
 2 2 2 2 2 2 2 2 2 2 

depth = 138
 1 1 1 1 1 2 2 2 1 1 
  1 1 1 1 2 2 2 1 1 
   1 1 1 1 1 1 1 1 
    1 1 1 1 2 1 1 
     1 1 1 0 1 1 
      1 1 1 1 1 
       1 1 2 1 
        1 1 1 
         2 1 
          1 
         2 2 
        1 1 2 
       2 2 2 2 
      2 1 1 2 2 
     2 1 1 2 2 2 
    2 2 2 2 1 2 2 
   2 2 2 2 2 1 2 2 
  2 2 2 2 2 1 2 2 2 
 2 2 2 2 2 2 2 2 2 2 

depth = 139
 1 1 1 1 1 2 2 2 1 1 
  1 1 1 1 2 2 2 1 1 
   1 1 1 1 1 0 1 1 
    1 1 1 1 2 1 1 
     1 1 1 1 1 1 
      1 1 1 1 1 
       1 1 2 1 
        1 1 1 
         2 1 
          1 
         2 2 
        1 1 2 
       2 2 2 2 
      2 1 1 2 2 
     2 1 1 2 2 2 
    2 2 2 2 1 2 2 
   2 2 2 2 2 1 2 2 
  2 2 2 2 2 1 2 2 2 
 2 2 2 2 2 2 2 2 2 2 

depth = 140
 1 1 1 1 1 2 2 2 1 1 
  1 1 1 1 2 2 2 1 1 
   1 1 1 1 1 2 1 1 
    1 1 1 1 0 1 1 
     1 1 1 1 1 1 
      1 1 1 1 1 
       1 1 2 1 
        1 1 1 
         2 1 
          1 
         2 2 
        1 1 2 
       2 2 2 2 
      2 1 1 2 2 
     2 1 1 2 2 2 
    2 2 2 2 1 2 2 
   2 2 2 2 2 1 2 2 
  2 2 2 2 2 1 2 2 2 
 2 2 2 2 2 2 2 2 2 2 

depth = 141
 1 1 1 1 1 2 2 2 1 1 
  1 1 1 1 2 2 2 1 1 
   1 1 1 1 0 2 1 1 
    1 1 1 1 1 1 1 
     1 1 1 1 1 1 
      1 1 1 1 1 
       1 1 2 1 
        1 1 1 
         2 1 
          1 
         2 2 
        1 1 2 
       2 2 2 2 
      2 1 1 2 2 
     2 1 1 2 2 2 
    2 2 2 2 1 2 2 
   2 2 2 2 2 1 2 2 
  2 2 2 2 2 1 2 2 2 
 2 2 2 2 2 2 2 2 2 2 

depth = 142
 1 1 1 1 0 2 2 2 1 1 
  1 1 1 1 2 2 2 1 1 
   1 1 1 1 1 2 1 1 
    1 1 1 1 1 1 1 
     1 1 1 1 1 1 
      1 1 1 1 1 
       1 1 2 1 
        1 1 1 
         2 1 
          1 
         2 2 
        1 1 2 
       2 2 2 2 
      2 1 1 2 2 
     2 1 1 2 2 2 
    2 2 2 2 1 2 2 
   2 2 2 2 2 1 2 2 
  2 2 2 2 2 1 2 2 2 
 2 2 2 2 2 2 2 2 2 2 

depth = 143
 1 1 1 1 2 2 2 2 1 1 
  1 1 1 1 0 2 2 1 1 
   1 1 1 1 1 2 1 1 
    1 1 1 1 1 1 1 
     1 1 1 1 1 1 
      1 1 1 1 1 
       1 1 2 1 
        1 1 1 
         2 1 
          1 
         2 2 
        1 1 2 
       2 2 2 2 
      2 1 1 2 2 
     2 1 1 2 2 2 
    2 2 2 2 1 2 2 
   2 2 2 2 2 1 2 2 
  2 2 2 2 2 1 2 2 2 
 2 2 2 2 2 2 2 2 2 2 

depth = 144
 1 1 1 1 2 2 2 2 1 1 
  1 1 1 1 2 2 2 1 1 
   1 1 1 1 1 0 1 1 
    1 1 1 1 1 1 1 
     1 1 1 1 1 1 
      1 1 1 1 1 
       1 1 2 1 
        1 1 1 
         2 1 
          1 
         2 2 
        1 1 2 
       2 2 2 2 
      2 1 1 2 2 
     2 1 1 2 2 2 
    2 2 2 2 1 2 2 
   2 2 2 2 2 1 2 2 
  2 2 2 2 2 1 2 2 2 
 2 2 2 2 2 2 2 2 2 2 

depth = 145
 1 1 1 1 1 2 2 2 1 1 
  1 1 1 1 2 2 2 1 1 
   1 1 1 1 1 1 1 1 
    1 1 1 1 2 1 1 
     1 1 2 1 1 1 
      1 1 1 1 1 
       1 1 2 1 
        1 1 1 
         2 1 
          1 
         2 2 
        0 1 2 
       2 2 2 2 
      2 1 1 2 2 
     2 1 1 1 2 2 
    2 2 2 2 1 2 2 
   2 2 2 2 2 1 2 2 
  2 2 2 2 2 1 2 2 2 
 2 2 2 2 2 2 2 2 2 2 

depth = 146
 1 1 1 1 1 2 2 2 1 1 
  1 1 1 1 2 2 2 1 1 
   1 1 1 1 1 1 1 1 
    1 1 1 1 2 1 1 
     1 1 2 1 1 1 
      1 1 1 1 1 
       1 1 2 1 
        1 1 1 
         2 1 
          0 
         2 2 
        1 1 2 
       2 2 2 2 
      2 1 1 2 2 
     2 1 1 1 2 2 
    2 2 2 2 1 2 2 
   2 2 2 2 2 1 2 2 
  2 2 2 2 2 1 2 2 2 
 2 2 2 2 2 2 2 2 2 2 

depth = 147
 1 1 1 1 1 2 2 2 1 1 
  1 1 1 1 2 2 2 1 1 
   1 1 1 1 1 1 1 1 
    1 1 1 1 2 1 1 
     1 1 2 1 1 1 
      1 1 1 1 1 
       1 1 2 1 
        0 1 1 
         2 1 
          1 
         2 2 
        1 1 2 
       2 2 2 2 
      2 1 1 2 2 
     2 1 1 1 2 2 
    2 2 2 2 1 2 2 
   2 2 2 2 2 1 2 2 
  2 2 2 2 2 1 2 2 2 
 2 2 2 2 2 2 2 2 2 2 

depth = 148
 1 1 1 1 1 2 2 2 1 1 
  1 1 1 1 2 2 2 1 1 
   1 1 1 1 1 1 1 1 
    1 1 1 1 2 1 1 
     1 1 2 1 1 1 
      1 1 1 1 1 
       1 0 2 1 
        1 1 1 
         2 1 
          1 
         2 2 
        1 1 2 
       2 2 2 2 
      2 1 1 2 2 
     2 1 1 1 2 2 
    2 2 2 2 1 2 2 
   2 2 2 2 2 1 2 2 
  2 2 2 2 2 1 2 2 2 
 2 2 2 2 2 2 2 2 2 2 

depth = 149
 1 1 1 1 1 2 2 2 1 1 
  1 1 1 1 2 2 2 1 1 
   1 1 1 1 1 1 1 1 
    1 1 1 1 2 1 1 
     1 1 2 1 1 1 
      1 1 0 1 1 
       1 1 2 1 
        1 1 1 
         2 1 
          1 
         2 2 
        1 1 2 
       2 2 2 2 
      2 1 1 2 2 
     2 1 1 1 2 2 
    2 2 2 2 1 2 2 
   2 2 2 2 2 1 2 2 
  2 2 2 2 2 1 2 2 2 
 2 2 2 2 2 2 2 2 2 2 

depth = 150
 1 1 1 1 1 2 2 2 1 1 
  1 1 1 1 2 2 2 1 1 
   1 1 1 1 1 1 1 1 
    1 1 0 1 2 1 1 
     1 1 2 1 1 1 
      1 1 1 1 1 
       1 1 2 1 
        1 1 1 
         2 1 
          1 
         2 2 
        1 1 2 
       2 2 2 2 
      2 1 1 2 2 
     2 1 1 1 2 2 
    2 2 2 2 1 2 2 
   2 2 2 2 2 1 2 2 
  2 2 2 2 2 1 2 2 2 
 2 2 2 2 2 2 2 2 2 2 

depth = 151
 1 1 1 1 1 2 2 2 1 1 
  1 1 1 1 2 2 2 1 1 
   1 1 1 0 1 1 1 1 
    1 1 1 1 2 1 1 
     1 1 2 1 1 1 
      1 1 1 1 1 
       1 1 2 1 
        1 1 1 
         2 1 
          1 
         2 2 
        1 1 2 
       2 2 2 2 
      2 1 1 2 2 
     2 1 1 1 2 2 
    2 2 2 2 1 2 2 
   2 2 2 2 2 1 2 2 
  2 2 2 2 2 1 2 2 2 
 2 2 2 2 2 2 2 2 2 2 

depth = 152
 1 1 1 1 1 2 2 2 1 1 
  1 1 1 0 2 2 2 1 1 
   1 1 1 1 1 1 1 1 
    1 1 1 1 2 1 1 
     1 1 2 1 1 1 
      1 1 1 1 1 
       1 1 2 1 
        1 1 1 
         2 1 
          1 
         2 2 
        1 1 2 
       2 2 2 2 
      2 1 1 2 2 
     2 1 1 1 2 2 
    2 2 2 2 1 2 2 
   2 2 2 2 2 1 2 2 
  2 2 2 2 2 1 2 2 2 
 2 2 2 2 2 2 2 2 2 2 

depth = 153
 1 1 1 1 0 2 2 2 1 1 
  1 1 1 1 2 2 2 1 1 
   1 1 1 1 1 1 1 1 
    1 1 1 1 2 1 1 
     1 1 2 1 1 1 
      1 1 1 1 1 
       1 1 2 1 
        1 1 1 
         2 1 
          1 
         2 2 
        1 1 2 
       2 2 2 2 
      2 1 1 2 2 
     2 1 1 1 2 2 
    2 2 2 2 1 2 2 
   2 2 2 2 2 1 2 2 
  2 2 2 2 2 1 2 2 2 
 2 2 2 2 2 2 2 2 2 2 

depth = 154
 1 1 1 1 2 2 2 2 1 1 
  1 1 1 1 0 2 2 1 1 
   1 1 1 1 1 1 1 1 
    1 1 1 1 2 1 1 
     1 1 2 1 1 1 
      1 1 1 1 1 
       1 1 2 1 
        1 1 1 
         2 1 
          1 
         2 2 
        1 1 2 
       2 2 2 2 
      2 1 1 2 2 
     2 1 1 1 2 2 
    2 2 2 2 1 2 2 
   2 2 2 2 2 1 2 2 
  2 2 2 2 2 1 2 2 2 
 2 2 2 2 2 2 2 2 2 2 

depth = 155
 1 1 1 1 2 2 2 2 1 1 
  1 1 1 1 2 2 2 1 1 
   1 1 1 1 1 1 1 1 
    1 1 1 1 0 1 1 
     1 1 2 1 1 1 
      1 1 1 1 1 
       1 1 2 1 
        1 1 1 
         2 1 
          1 
         2 2 
        1 1 2 
       2 2 2 2 
      2 1 1 2 2 
     2 1 1 1 2 2 
    2 2 2 2 1 2 2 
   2 2 2 2 2 1 2 2 
  2 2 2 2 2 1 2 2 2 
 2 2 2 2 2 2 2 2 2 2 

depth = 156
 1 1 1 1 2 2 2 2 1 1 
  1 1 1 1 2 2 2 1 1 
   1 1 1 1 1 0 1 1 
    1 1 1 1 1 1 1 
     1 1 2 1 1 1 
      1 1 1 1 1 
       1 1 2 1 
        1 1 1 
         2 1 
          1 
         2 2 
        1 1 2 
       2 2 2 2 
      2 1 1 2 2 
     2 1 1 1 2 2 
    2 2 2 2 1 2 2 
   2 2 2 2 2 1 2 2 
  2 2 2 2 2 1 2 2 2 
 2 2 2 2 2 2 2 2 2 2 

depth = 157
 1 1 1 1 2 2 2 2 1 1 
  1 1 1 1 2 2 2 1 1 
   1 1 1 1 2 1 1 1 
    1 1 1 1 1 1 1 
     1 1 0 1 1 1 
      1 1 1 1 1 
       1 1 2 1 
        1 1 1 
         2 1 
          1 
         2 2 
        1 1 2 
       2 2 2 2 
      2 1 1 2 2 
     2 1 1 1 2 2 
    2 2 2 2 1 2 2 
   2 2 2 2 2 1 2 2 
  2 2 2 2 2 1 2 2 2 
 2 2 2 2 2 2 2 2 2 2 

depth = 158
 1 1 1 1 2 2 2 2 1 1 
  1 1 1 1 2 2 2 1 1 
   1 1 1 1 2 1 1 1 
    1 1 1 1 1 1 1 
     1 1 2 1 1 1 
      1 1 1 1 1 
       1 1 0 1 
        1 1 1 
         2 1 
          1 
         2 2 
        1 1 2 
       2 2 2 2 
      2 1 1 2 2 
     2 1 1 1 2 2 
    2 2 2 2 1 2 2 
   2 2 2 2 2 1 2 2 
  2 2 2 2 2 1 2 2 2 
 2 2 2 2 2 2 2 2 2 2 

depth = 159
 1 1 1 1 2 2 2 2 1 1 
  1 1 1 1 2 2 2 1 1 
   1 1 1 1 2 1 1 1 
    1 1 1 1 1 1 1 
     1 1 2 1 1 1 
      1 1 1 1 1 
       1 1 2 1 
        1 1 1 
         0 1 
          1 
         2 2 
        1 1 2 
       2 2 2 2 
      2 1 1 2 2 
     2 1 1 1 2 2 
    2 2 2 2 1 2 2 
   2 2 2 2 2 1 2 2 
  2 2 2 2 2 1 2 2 2 
 2 2 2 2 2 2 2 2 2 2 

depth = 160
 1 1 1 1 2 2 2 2 1 1 
  1 1 1 1 2 2 2 1 1 
   1 1 1 1 2 1 1 1 
    1 1 1 1 1 1 1 
     1 1 2 1 1 1 
      1 1 1 1 1 
       1 1 2 1 
        1 1 1 
         2 1 
          1 
         2 0 
        1 1 2 
       2 2 2 2 
      2 1 1 2 2 
     2 1 1 1 2 2 
    2 2 2 2 1 2 2 
   2 2 2 2 2 1 2 2 
  2 2 2 2 2 1 2 2 2 
 2 2 2 2 2 2 2 2 2 2 

depth = 161
 1 1 1 1 2 2 2 2 1 1 
  1 1 1 1 2 2 2 1 1 
   1 1 1 1 2 1 1 1 
    1 1 1 1 1 1 1 
     1 1 2 1 1 1 
      1 1 1 1 1 
       1 1 2 1 
        1 1 1 
         2 1 
          1 
         2 2 
        1 1 2 
       2 0 2 2 
      2 1 1 2 2 
     2 1 1 1 2 2 
    2 2 2 2 1 2 2 
   2 2 2 2 2 1 2 2 
  2 2 2 2 2 1 2 2 2 
 2 2 2 2 2 2 2 2 2 2 

depth = 162
 1 1 1 1 2 2 2 2 1 1 
  1 1 1 1 2 2 2 1 1 
   1 1 1 1 2 1 1 1 
    1 1 1 1 1 1 1 
     1 1 2 1 1 1 
      1 1 1 1 1 
       1 1 2 1 
        1 1 1 
         2 1 
          1 
         2 2 
        1 0 2 
       2 1 2 2 
      2 1 1 2 2 
     2 1 1 1 2 2 
    2 2 2 2 1 2 2 
   2 2 2 2 2 1 2 2 
  2 2 2 2 2 1 2 2 2 
 2 2 2 2 2 2 2 2 2 2 

depth = 163
 1 1 1 1 2 2 2 2 1 1 
  1 1 1 1 2 2 2 1 1 
   1 1 1 1 2 1 1 1 
    1 1 1 1 1 1 1 
     1 1 2 1 1 1 
      1 1 1 1 1 
       1 1 2 1 
        1 1 1 
         2 1 
          1 
         2 2 
        1 2 2 
       2 1 0 2 
      2 1 1 2 2 
     2 1 1 1 2 2 
    2 2 2 2 1 2 2 
   2 2 2 2 2 1 2 2 
  2 2 2 2 2 1 2 2 2 
 2 2 2 2 2 2 2 2 2 2 

depth = 164
 1 1 1 1 2 2 2 2 1 1 
  1 1 1 1 2 2 2 1 1 
   1 1 1 1 2 1 1 1 
    1 1 1 1 1 1 1 
     1 1 2 1 1 1 
      1 1 1 1 1 
       1 1 2 1 
        1 1 1 
         2 1 
          1 
         2 2 
        1 2 2 
       2 1 2 2 
      2 1 1 0 2 
     2 1 1 1 2 2 
    2 2 2 2 1 2 2 
   2 2 2 2 2 1 2 2 
  2 2 2 2 2 1 2 2 2 
 2 2 2 2 2 2 2 2 2 2 

depth = 165
 1 1 1 1 2 2 2 2 1 1 
  1 1 1 1 2 2 2 1 1 
   1 1 1 1 2 1 1 1 
    1 1 1 1 1 1 1 
     1 1 2 1 1 1 
      1 1 1 1 1 
       1 1 2 1 
        1 1 1 
         2 1 
          1 
         2 2 
        1 2 2 
       2 1 2 2 
      2 1 1 2 2 
     2 1 1 1 2 2 
    2 2 2 0 1 2 2 
   2 2 2 2 2 1 2 2 
  2 2 2 2 2 1 2 2 2 
 2 2 2 2 2 2 2 2 2 2 

depth = 166
 1 1 1 1 2 2 2 2 1 1 
  1 1 1 1 2 2 2 1 1 
   1 1 1 1 2 1 1 1 
    1 1 1 1 1 1 1 
     1 1 2 1 1 1 
      1 1 1 1 1 
       1 1 2 1 
        1 1 1 
         2 1 
          1 
         2 2 
        1 2 2 
       2 1 2 2 
      2 1 1 2 2 
     2 1 1 0 2 2 
    2 2 2 1 1 2 2 
   2 2 2 2 2 1 2 2 
  2 2 2 2 2 1 2 2 2 
 2 2 2 2 2 2 2 2 2 2 

depth = 167
 1 1 1 1 2 2 2 2 1 1 
  1 1 1 1 2 2 2 1 1 
   1 1 1 1 2 1 1 1 
    1 1 1 1 1 1 1 
     1 1 2 1 1 1 
      1 1 1 1 1 
       1 1 2 1 
        1 1 1 
         2 1 
          1 
         2 2 
        1 2 2 
       2 1 2 2 
      2 1 1 2 2 
     2 1 1 2 2 2 
    2 2 2 1 1 2 2 
   2 2 2 0 2 1 2 2 
  2 2 2 2 2 1 2 2 2 
 2 2 2 2 2 2 2 2 2 2 

depth = 168
 1 1 1 1 2 2 2 2 1 1 
  1 1 1 1 2 2 2 1 1 
   1 1 1 1 2 1 1 1 
    1 1 1 1 1 1 1 
     1 1 2 1 1 1 
      1 1 1 1 1 
       1 1 2 1 
        1 1 1 
         2 1 
          1 
         2 2 
        1 2 2 
       2 1 2 2 
      2 1 1 2 2 
     2 0 1 2 2 2 
    2 2 2 1 1 2 2 
   2 2 2 1 2 1 2 2 
  2 2 2 2 2 1 2 2 2 
 2 2 2 2 2 2 2 2 2 2 

depth = 169
 1 1 1 1 2 2 2 2 1 1 
  1 1 1 1 2 2 2 1 1 
   1 1 1 1 2 1 1 1 
    1 1 1 1 1 1 1 
     1 1 2 1 1 1 
      1 1 1 1 1 
       1 1 2 1 
        1 1 1 
         2 1 
          1 
         2 2 
        1 2 2 
       2 1 2 2 
      2 0 1 2 2 
     2 1 1 2 2 2 
    2 2 2 1 1 2 2 
   2 2 2 1 2 1 2 2 
  2 2 2 2 2 1 2 2 2 
 2 2 2 2 2 2 2 2 2 2 

depth = 170
 1 1 1 1 2 2 2 2 1 1 
  1 1 1 1 2 2 2 1 1 
   1 1 1 1 2 1 1 1 
    1 1 1 1 1 1 1 
     1 1 2 1 1 1 
      1 1 1 1 1 
       1 1 2 1 
        1 1 1 
         2 1 
          1 
         2 2 
        1 2 2 
       2 1 2 2 
      2 2 1 2 2 
     2 1 1 2 2 2 
    2 0 2 1 1 2 2 
   2 2 2 1 2 1 2 2 
  2 2 2 2 2 1 2 2 2 
 2 2 2 2 2 2 2 2 2 2 

depth = 171
 1 1 1 1 2 2 2 2 1 1 
  1 1 1 1 2 2 2 1 1 
   1 1 1 1 2 1 1 1 
    1 1 1 1 1 1 1 
     1 1 2 1 1 1 
      1 1 1 1 1 
       1 1 2 1 
        1 1 1 
         2 1 
          1 
         2 2 
        1 2 2 
       2 1 2 2 
      2 2 1 2 2 
     2 0 1 2 2 2 
    2 1 2 1 1 2 2 
   2 2 2 1 2 1 2 2 
  2 2 2 2 2 1 2 2 2 
 2 2 2 2 2 2 2 2 2 2 

depth = 172
 1 1 1 1 2 2 2 2 1 1 
  1 1 1 1 2 2 2 1 1 
   1 1 1 1 2 1 1 1 
    1 1 1 1 1 1 1 
     1 1 2 1 1 1 
      1 1 1 1 1 
       1 1 2 1 
        1 1 1 
         2 1 
          1 
         2 2 
        1 2 2 
       2 0 2 2 
      2 2 1 2 2 
     2 1 1 2 2 2 
    2 1 2 1 1 2 2 
   2 2 2 1 2 1 2 2 
  2 2 2 2 2 1 2 2 2 
 2 2 2 2 2 2 2 2 2 2 

depth = 173
 1 1 1 1 2 2 2 2 1 1 
  1 1 1 1 2 2 2 1 1 
   1 1 1 1 2 1 1 1 
    1 1 1 1 1 1 1 
     1 1 2 1 1 1 
      1 1 1 1 1 
       1 1 2 1 
        1 1 1 
         2 1 
          1 
         2 2 
        1 2 2 
       2 2 2 2 
      2 2 1 2 2 
     2 1 1 0 2 2 
    2 1 2 1 1 2 2 
   2 2 2 1 2 1 2 2 
  2 2 2 2 2 1 2 2 2 
 2 2 2 2 2 2 2 2 2 2 

depth = 174
 1 1 1 1 2 2 2 2 1 1 
  1 1 1 1 2 2 2 1 1 
   1 1 1 1 2 1 1 1 
    1 1 1 1 1 1 1 
     1 1 2 1 1 1 
      1 1 1 1 1 
       1 1 2 1 
        1 1 1 
         2 1 
          1 
         2 2 
        1 2 2 
       2 2 2 2 
      2 2 0 2 2 
     2 1 1 1 2 2 
    2 1 2 1 1 2 2 
   2 2 2 1 2 1 2 2 
  2 2 2 2 2 1 2 2 2 
 2 2 2 2 2 2 2 2 2 2 

depth = 175
 1 1 1 1 2 2 2 2 1 1 
  1 1 1 1 2 2 2 1 1 
   1 1 1 1 2 1 1 1 
    1 1 1 1 1 1 1 
     1 1 2 1 1 1 
      1 1 1 1 1 
       1 1 2 1 
        1 1 1 
         2 1 
          1 
         2 2 
        0 2 2 
       2 2 2 2 
      2 2 1 2 2 
     2 1 1 1 2 2 
    2 1 2 1 1 2 2 
   2 2 2 1 2 1 2 2 
  2 2 2 2 2 1 2 2 2 
 2 2 2 2 2 2 2 2 2 2 

depth = 176
 1 1 1 1 2 2 2 2 1 1 
  1 1 1 1 2 2 2 1 1 
   1 1 1 1 2 1 1 1 
    1 1 1 1 1 1 1 
     1 1 2 1 1 1 
      1 1 1 1 1 
       1 1 2 1 
        1 1 1 
         2 1 
          0 
         2 2 
        1 2 2 
       2 2 2 2 
      2 2 1 2 2 
     2 1 1 1 2 2 
    2 1 2 1 1 2 2 
   2 2 2 1 2 1 2 2 
  2 2 2 2 2 1 2 2 2 
 2 2 2 2 2 2 2 2 2 2 

depth = 177
 1 1 1 1 2 2 2 2 1 1 
  1 1 1 1 2 2 2 1 1 
   1 1 1 1 2 1 1 1 
    1 1 1 1 1 1 1 
     1 1 2 1 1 1 
      1 1 1 1 1 
       1 1 2 1 
        0 1 1 
         2 1 
          1 
         2 2 
        1 2 2 
       2 2 2 2 
      2 2 1 2 2 
     2 1 1 1 2 2 
    2 1 2 1 1 2 2 
   2 2 2 1 2 1 2 2 
  2 2 2 2 2 1 2 2 2 
 2 2 2 2 2 2 2 2 2 2 

depth = 178
 1 1 1 1 2 2 2 2 1 1 
  1 1 1 1 2 2 2 1 1 
   1 1 1 1 2 1 1 1 
    1 1 1 1 1 1 1 
     1 1 2 1 1 1 
      1 1 1 1 1 
       1 0 2 1 
        1 1 1 
         2 1 
          1 
         2 2 
        1 2 2 
       2 2 2 2 
      2 2 1 2 2 
     2 1 1 1 2 2 
    2 1 2 1 1 2 2 
   2 2 2 1 2 1 2 2 
  2 2 2 2 2 1 2 2 2 
 2 2 2 2 2 2 2 2 2 2 

depth = 179
 1 1 1 1 2 2 2 2 1 1 
  1 1 1 1 2 2 2 1 1 
   1 1 1 1 2 1 1 1 
    1 1 1 1 1 1 1 
     1 1 2 1 1 1 
      1 1 0 1 1 
       1 1 2 1 
        1 1 1 
         2 1 
          1 
         2 2 
        1 2 2 
       2 2 2 2 
      2 2 1 2 2 
     2 1 1 1 2 2 
    2 1 2 1 1 2 2 
   2 2 2 1 2 1 2 2 
  2 2 2 2 2 1 2 2 2 
 2 2 2 2 2 2 2 2 2 2 

depth = 180
 1 1 1 1 2 2 2 2 1 1 
  1 1 1 1 2 2 2 1 1 
   1 1 1 1 2 1 1 1 
    1 1 0 1 1 1 1 
     1 1 2 1 1 1 
      1 1 1 1 1 
       1 1 2 1 
        1 1 1 
         2 1 
          1 
         2 2 
        1 2 2 
       2 2 2 2 
      2 2 1 2 2 
     2 1 1 1 2 2 
    2 1 2 1 1 2 2 
   2 2 2 1 2 1 2 2 
  2 2 2 2 2 1 2 2 2 
 2 2 2 2 2 2 2 2 2 2 

depth = 181
 1 1 1 1 2 2 2 2 1 1 
  1 1 1 1 2 2 2 1 1 
   1 1 1 0 2 1 1 1 
    1 1 1 1 1 1 1 
     1 1 2 1 1 1 
      1 1 1 1 1 
       1 1 2 1 
        1 1 1 
         2 1 
          1 
         2 2 
        1 2 2 
       2 2 2 2 
      2 2 1 2 2 
     2 1 1 1 2 2 
    2 1 2 1 1 2 2 
   2 2 2 1 2 1 2 2 
  2 2 2 2 2 1 2 2 2 
 2 2 2 2 2 2 2 2 2 2 

depth = 182
 1 1 1 1 2 2 2 2 1 1 
  1 1 1 0 2 2 2 1 1 
   1 1 1 1 2 1 1 1 
    1 1 1 1 1 1 1 
     1 1 2 1 1 1 
      1 1 1 1 1 
       1 1 2 1 
        1 1 1 
         2 1 
          1 
         2 2 
        1 2 2 
       2 2 2 2 
      2 2 1 2 2 
     2 1 1 1 2 2 
    2 1 2 1 1 2 2 
   2 2 2 1 2 1 2 2 
  2 2 2 2 2 1 2 2 2 
 2 2 2 2 2 2 2 2 2 2 

depth = 183
 1 1 1 0 2 2 2 2 1 1 
  1 1 1 1 2 2 2 1 1 
   1 1 1 1 2 1 1 1 
    1 1 1 1 1 1 1 
     1 1 2 1 1 1 
      1 1 1 1 1 
       1 1 2 1 
        1 1 1 
         2 1 
          1 
         2 2 
        1 2 2 
       2 2 2 2 
      2 2 1 2 2 
     2 1 1 1 2 2 
    2 1 2 1 1 2 2 
   2 2 2 1 2 1 2 2 
  2 2 2 2 2 1 2 2 2 
 2 2 2 2 2 2 2 2 2 2 

depth = 184
 1 1 1 1 2 2 2 2 1 1 
  1 1 1 1 2 2 2 1 1 
   1 1 2 1 2 1 1 1 
    1 1 1 1 1 1 1 
     1 1 2 1 1 1 
      1 1 1 1 1 
       1 1 2 1 
        1 1 1 
         0 1 
          1 
         2 2 
        1 2 2 
       2 2 2 2 
      2 2 1 2 2 
     2 1 1 1 2 2 
    2 1 2 1 1 2 2 
   2 2 2 1 2 1 2 2 
  2 2 2 2 2 1 2 2 2 
 2 2 2 2 2 2 2 2 2 2 

depth = 185
 1 1 1 1 2 2 2 2 1 1 
  1 1 1 1 2 2 2 1 1 
   1 1 2 1 2 1 1 1 
    1 1 1 1 1 1 1 
     1 1 2 1 1 1 
      1 1 1 1 1 
       1 1 2 1 
        1 1 1 
         2 1 
          1 
         2 0 
        1 2 2 
       2 2 2 2 
      2 2 1 2 2 
     2 1 1 1 2 2 
    2 1 2 1 1 2 2 
   2 2 2 1 2 1 2 2 
  2 2 2 2 2 1 2 2 2 
 2 2 2 2 2 2 2 2 2 2 

depth = 186
 1 1 1 1 2 2 2 2 1 1 
  1 1 1 1 2 2 2 1 1 
   1 1 2 1 2 1 1 1 
    1 1 1 1 1 1 1 
     1 1 2 1 1 1 
      1 1 1 1 1 
       1 1 2 1 
        1 1 1 
         2 1 
          0 
         2 1 
        1 2 2 
       2 2 2 2 
      2 2 1 2 2 
     2 1 1 1 2 2 
    2 1 2 1 1 2 2 
   2 2 2 1 2 1 2 2 
  2 2 2 2 2 1 2 2 2 
 2 2 2 2 2 2 2 2 2 2 

depth = 187
 1 1 1 1 2 2 2 2 1 1 
  1 1 1 1 2 2 2 1 1 
   1 1 2 1 2 1 1 1 
    1 1 1 1 1 1 1 
     1 1 2 1 1 1 
      1 1 1 1 1 
       1 1 2 1 
        0 1 1 
         2 1 
          1 
         2 1 
        1 2 2 
       2 2 2 2 
      2 2 1 2 2 
     2 1 1 1 2 2 
    2 1 2 1 1 2 2 
   2 2 2 1 2 1 2 2 
  2 2 2 2 2 1 2 2 2 
 2 2 2 2 2 2 2 2 2 2 

depth = 188
 1 1 1 1 2 2 2 2 1 1 
  1 1 1 1 2 2 2 1 1 
   1 1 2 1 2 1 1 1 
    1 1 1 1 1 1 1 
     1 1 2 1 1 1 
      1 1 1 1 1 
       1 0 2 1 
        1 1 1 
         2 1 
          1 
         2 1 
        1 2 2 
       2 2 2 2 
      2 2 1 2 2 
     2 1 1 1 2 2 
    2 1 2 1 1 2 2 
   2 2 2 1 2 1 2 2 
  2 2 2 2 2 1 2 2 2 
 2 2 2 2 2 2 2 2 2 2 

depth = 189
 1 1 1 1 2 2 2 2 1 1 
  1 1 1 1 2 2 2 1 1 
   1 1 2 1 2 1 1 1 
    1 1 1 1 1 1 1 
     1 1 2 1 1 1 
      1 1 0 1 1 
       1 1 2 1 
        1 1 1 
         2 1 
          1 
         2 1 
        1 2 2 
       2 2 2 2 
      2 2 1 2 2 
     2 1 1 1 2 2 
    2 1 2 1 1 2 2 
   2 2 2 1 2 1 2 2 
  2 2 2 2 2 1 2 2 2 
 2 2 2 2 2 2 2 2 2 2 

depth = 190
 1 1 1 1 2 2 2 2 1 1 
  1 1 1 1 2 2 2 1 1 
   1 1 2 1 2 1 1 1 
    1 1 0 1 1 1 1 
     1 1 2 1 1 1 
      1 1 1 1 1 
       1 1 2 1 
        1 1 1 
         2 1 
          1 
         2 1 
        1 2 2 
       2 2 2 2 
      2 2 1 2 2 
     2 1 1 1 2 2 
    2 1 2 1 1 2 2 
   2 2 2 1 2 1 2 2 
  2 2 2 2 2 1 2 2 2 
 2 2 2 2 2 2 2 2 2 2 

depth = 191
 1 1 1 1 2 2 2 2 1 1 
  1 1 0 1 2 2 2 1 1 
   1 1 2 1 2 1 1 1 
    1 1 1 1 1 1 1 
     1 1 2 1 1 1 
      1 1 1 1 1 
       1 1 2 1 
        1 1 1 
         2 1 
          1 
         2 1 
        1 2 2 
       2 2 2 2 
      2 2 1 2 2 
     2 1 1 1 2 2 
    2 1 2 1 1 2 2 
   2 2 2 1 2 1 2 2 
  2 2 2 2 2 1 2 2 2 
 2 2 2 2 2 2 2 2 2 2 

depth = 192
 1 1 1 0 2 2 2 2 1 1 
  1 1 1 1 2 2 2 1 1 
   1 1 2 1 2 1 1 1 
    1 1 1 1 1 1 1 
     1 1 2 1 1 1 
      1 1 1 1 1 
       1 1 2 1 
        1 1 1 
         2 1 
          1 
         2 1 
        1 2 2 
       2 2 2 2 
      2 2 1 2 2 
     2 1 1 1 2 2 
    2 1 2 1 1 2 2 
   2 2 2 1 2 1 2 2 
  2 2 2 2 2 1 2 2 2 
 2 2 2 2 2 2 2 2 2 2 

depth = 193
 1 1 2 1 2 2 2 2 1 1 
  1 1 1 1 2 2 2 1 1 
   1 1 0 1 2 1 1 1 
    1 1 1 1 1 1 1 
     1 1 2 1 1 1 
      1 1 1 1 1 
       1 1 2 1 
        1 1 1 
         2 1 
          1 
         2 1 
        1 2 2 
       2 2 2 2 
      2 2 1 2 2 
     2 1 1 1 2 2 
    2 1 2 1 1 2 2 
   2 2 2 1 2 1 2 2 
  2 2 2 2 2 1 2 2 2 
 2 2 2 2 2 2 2 2 2 2 

depth = 194
 1 1 2 1 2 2 2 2 1 1 
  1 1 1 1 2 2 2 1 1 
   1 1 2 1 2 1 1 1 
    1 1 1 1 1 1 1 
     1 1 0 1 1 1 
      1 1 1 1 1 
       1 1 2 1 
        1 1 1 
         2 1 
          1 
         2 1 
        1 2 2 
       2 2 2 2 
      2 2 1 2 2 
     2 1 1 1 2 2 
    2 1 2 1 1 2 2 
   2 2 2 1 2 1 2 2 
  2 2 2 2 2 1 2 2 2 
 2 2 2 2 2 2 2 2 2 2 

depth = 195
 1 1 2 1 2 2 2 2 1 1 
  1 1 1 1 2 2 2 1 1 
   1 1 2 1 2 1 1 1 
    1 1 1 1 1 1 1 
     1 1 2 1 1 1 
      1 1 1 1 1 
       1 1 0 1 
        1 1 1 
         2 1 
          1 
         2 1 
        1 2 2 
       2 2 2 2 
      2 2 1 2 2 
     2 1 1 1 2 2 
    2 1 2 1 1 2 2 
   2 2 2 1 2 1 2 2 
  2 2 2 2 2 1 2 2 2 
 2 2 2 2 2 2 2 2 2 2 

depth = 196
 1 1 2 1 2 2 2 2 1 1 
  1 1 1 1 2 2 2 1 1 
   1 1 2 1 2 1 1 1 
    1 1 1 1 1 1 1 
     1 1 2 1 1 1 
      1 1 1 1 1 
       1 1 2 1 
        1 1 1 
         0 1 
          1 
         2 1 
        1 2 2 
       2 2 2 2 
      2 2 1 2 2 
     2 1 1 1 2 2 
    2 1 2 1 1 2 2 
   2 2 2 1 2 1 2 2 
  2 2 2 2 2 1 2 2 2 
 2 2 2 2 2 2 2 2 2 2 

depth = 197
 1 1 2 1 2 2 2 2 1 1 
  1 1 1 1 2 2 2 1 1 
   1 1 2 1 2 1 1 1 
    1 1 1 1 1 1 1 
     1 1 2 1 1 1 
      1 1 1 1 1 
       1 1 2 1 
        1 0 1 
         1 1 
          1 
         2 1 
        1 2 2 
       2 2 2 2 
      2 2 1 2 2 
     2 1 1 1 2 2 
    2 1 2 1 1 2 2 
   2 2 2 1 2 1 2 2 
  2 2 2 2 2 1 2 2 2 
 2 2 2 2 2 2 2 2 2 2 

depth = 198
 1 1 2 1 2 2 2 2 1 1 
  1 1 1 1 2 2 2 1 1 
   1 1 2 1 2 1 1 1 
    1 1 1 1 1 1 1 
     1 1 2 1 1 1 
      1 1 1 0 1 
       1 1 2 1 
        1 1 1 
         1 1 
          1 
         2 1 
        1 2 2 
       2 2 2 2 
      2 2 1 2 2 
     2 1 1 1 2 2 
    2 1 2 1 1 2 2 
   2 2 2 1 2 1 2 2 
  2 2 2 2 2 1 2 2 2 
 2 2 2 2 2 2 2 2 2 2 

depth = 199
 1 1 2 1 2 2 2 2 1 1 
  1 1 1 1 2 2 2 1 1 
   1 1 2 1 2 1 1 1 
    1 1 1 1 1 1 1 
     1 1 2 1 0 1 
      1 1 1 1 1 
       1 1 2 1 
        1 1 1 
         1 1 
          1 
         2 1 
        1 2 2 
       2 2 2 2 
      2 2 1 2 2 
     2 1 1 1 2 2 
    2 1 2 1 1 2 2 
   2 2 2 1 2 1 2 2 
  2 2 2 2 2 1 2 2 2 
 2 2 2 2 2 2 2 2 2 2 

depth = 200
 1 1 2 1 2 2 2 2 1 1 
  1 1 1 1 2 2 2 1 1 
   1 1 2 1 2 1 1 1 
    1 1 1 1 1 1 1 
     1 1 2 1 2 1 
      1 1 1 1 1 
       1 1 0 1 
        1 1 1 
         1 1 
          1 
         2 1 
        1 2 2 
       2 2 2 2 
      2 2 1 2 2 
     2 1 1 1 2 2 
    2 1 2 1 1 2 2 
   2 2 2 1 2 1 2 2 
  2 2 2 2 2 1 2 2 2 
 2 2 2 2 2 2 2 2 2 2 

depth = 201
 1 1 2 1 2 2 2 2 1 1 
  1 1 1 1 2 2 2 1 1 
   1 1 2 1 2 1 1 1 
    1 1 1 1 1 1 1 
     1 1 2 1 2 1 
      1 1 1 0 1 
       1 1 1 1 
        1 1 1 
         1 1 
          1 
         2 1 
        1 2 2 
       2 2 2 2 
      2 2 1 2 2 
     2 1 1 1 2 2 
    2 1 2 1 1 2 2 
   2 2 2 1 2 1 2 2 
  2 2 2 2 2 1 2 2 2 
 2 2 2 2 2 2 2 2 2 2 

depth = 202
 1 1 2 1 2 2 2 2 1 1 
  1 1 1 1 2 2 2 1 1 
   1 1 2 1 2 1 1 1 
    1 1 1 1 1 0 1 
     1 1 2 1 2 1 
      1 1 1 1 1 
       1 1 1 1 
        1 1 1 
         1 1 
          1 
         2 1 
        1 2 2 
       2 2 2 2 
      2 2 1 2 2 
     2 1 1 1 2 2 
    2 1 2 1 1 2 2 
   2 2 2 1 2 1 2 2 
  2 2 2 2 2 1 2 2 2 
 2 2 2 2 2 2 2 2 2 2 

depth = 203
 1 1 2 1 2 2 2 2 1 1 
  1 1 1 1 2 2 2 1 1 
   1 1 2 1 2 1 0 1 
    1 1 1 1 1 1 1 
     1 1 2 1 2 1 
      1 1 1 1 1 
       1 1 1 1 
        1 1 1 
         1 1 
          1 
         2 1 
        1 2 2 
       2 2 2 2 
      2 2 1 2 2 
     2 1 1 1 2 2 
    2 1 2 1 1 2 2 
   2 2 2 1 2 1 2 2 
  2 2 2 2 2 1 2 2 2 
 2 2 2 2 2 2 2 2 2 2 

depth = 204
 1 1 2 1 2 2 2 2 1 1 
  1 1 1 1 2 2 2 1 1 
   1 1 2 1 2 1 2 1 
    1 1 1 1 1 1 1 
     1 1 2 1 0 1 
      1 1 1 1 1 
       1 1 1 1 
        1 1 1 
         1 1 
          1 
         2 1 
        1 2 2 
       2 2 2 2 
      2 2 1 2 2 
     2 1 1 1 2 2 
    2 1 2 1 1 2 2 
   2 2 2 1 2 1 2 2 
  2 2 2 2 2 1 2 2 2 
 2 2 2 2 2 2 2 2 2 2 

depth = 205
 1 1 2 1 2 2 2 2 1 1 
  1 1 1 1 2 2 2 1 1 
   1 1 2 1 2 1 2 1 
    1 1 1 1 1 0 1 
     1 1 2 1 1 1 
      1 1 1 1 1 
       1 1 1 1 
        1 1 1 
         1 1 
          1 
         2 1 
        1 2 2 
       2 2 2 2 
      2 2 1 2 2 
     2 1 1 1 2 2 
    2 1 2 1 1 2 2 
   2 2 2 1 2 1 2 2 
  2 2 2 2 2 1 2 2 2 
 2 2 2 2 2 2 2 2 2 2 

depth = 206
 1 1 2 1 2 2 2 2 1 1 
  1 1 1 1 2 2 2 0 1 
   1 1 2 1 2 1 2 1 
    1 1 1 1 1 1 1 
     1 1 2 1 1 1 
      1 1 1 1 1 
       1 1 1 1 
        1 1 1 
         1 1 
          1 
         2 1 
        1 2 2 
       2 2 2 2 
      2 2 1 2 2 
     2 1 1 1 2 2 
    2 1 2 1 1 2 2 
   2 2 2 1 2 1 2 2 
  2 2 2 2 2 1 2 2 2 
 2 2 2 2 2 2 2 2 2 2 

depth = 207
 1 1 2 1 2 2 2 2 0 1 
  1 1 1 1 2 2 2 1 1 
   1 1 2 1 2 1 2 1 
    1 1 1 1 1 1 1 
     1 1 2 1 1 1 
      1 1 1 1 1 
       1 1 1 1 
        1 1 1 
         1 1 
          1 
         2 1 
        1 2 2 
       2 2 2 2 
      2 2 1 2 2 
     2 1 1 1 2 2 
    2 1 2 1 1 2 2 
   2 2 2 1 2 1 2 2 
  2 2 2 2 2 1 2 2 2 
 2 2 2 2 2 2 2 2 2 2 

depth = 208
 1 1 2 1 2 2 2 2 2 1 
  1 1 1 1 2 2 2 1 1 
   1 1 2 1 2 1 0 1 
    1 1 1 1 1 1 1 
     1 1 2 1 1 1 
      1 1 1 1 1 
       1 1 1 1 
        1 1 1 
         1 1 
          1 
         2 1 
        1 2 2 
       2 2 2 2 
      2 2 1 2 2 
     2 1 1 1 2 2 
    2 1 2 1 1 2 2 
   2 2 2 1 2 1 2 2 
  2 2 2 2 2 1 2 2 2 
 2 2 2 2 2 2 2 2 2 2 

depth = 209
 1 1 2 1 2 2 2 2 2 1 
  1 1 1 1 2 2 2 0 1 
   1 1 2 1 2 1 1 1 
    1 1 1 1 1 1 1 
     1 1 2 1 1 1 
      1 1 1 1 1 
       1 1 1 1 
        1 1 1 
         1 1 
          1 
         2 1 
        1 2 2 
       2 2 2 2 
      2 2 1 2 2 
     2 1 1 1 2 2 
    2 1 2 1 1 2 2 
   2 2 2 1 2 1 2 2 
  2 2 2 2 2 1 2 2 2 
 2 2 2 2 2 2 2 2 2 2 

depth = 210
 1 1 2 0 2 2 2 2 1 1 
  1 1 1 2 2 2 2 1 1 
   1 1 2 1 2 1 1 1 
    1 1 1 1 1 1 1 
     1 1 1 1 2 1 
      1 1 1 1 1 
       1 1 1 1 
        1 1 1 
         1 1 
          1 
         2 1 
        1 2 2 
       2 2 2 2 
      2 2 1 2 2 
     2 1 1 1 2 2 
    2 1 2 1 1 2 2 
   2 2 2 1 2 1 2 2 
  2 2 2 2 2 1 2 2 2 
 2 2 2 2 2 2 2 2 2 2 

depth = 211
 1 1 2 2 2 2 2 2 1 1 
  1 1 1 0 2 2 2 1 1 
   1 1 2 1 2 1 1 1 
    1 1 1 1 1 1 1 
     1 1 1 1 2 1 
      1 1 1 1 1 
       1 1 1 1 
        1 1 1 
         1 1 
          1 
         2 1 
        1 2 2 
       2 2 2 2 
      2 2 1 2 2 
     2 1 1 1 2 2 
    2 1 2 1 1 2 2 
   2 2 2 1 2 1 2 2 
  2 2 2 2 2 1 2 2 2 
 2 2 2 2 2 2 2 2 2 2 

depth = 212
 1 1 2 2 2 2 2 2 1 1 
  1 1 1 2 2 2 2 1 1 
   1 1 0 1 2 1 1 1 
    1 1 1 1 1 1 1 
     1 1 1 1 2 1 
      1 1 1 1 1 
       1 1 1 1 
        1 1 1 
         1 1 
          1 
         2 1 
        1 2 2 
       2 2 2 2 
      2 2 1 2 2 
     2 1 1 1 2 2 
    2 1 2 1 1 2 2 
   2 2 2 1 2 1 2 2 
  2 2 2 2 2 1 2 2 2 
 2 2 2 2 2 2 2 2 2 2 

depth = 213
 1 1 2 2 2 2 2 2 1 1 
  1 1 0 2 2 2 2 1 1 
   1 1 1 1 2 1 1 1 
    1 1 1 1 1 1 1 
     1 1 1 1 2 1 
      1 1 1 1 1 
       1 1 1 1 
        1 1 1 
         1 1 
          1 
         2 1 
        1 2 2 
       2 2 2 2 
      2 2 1 2 2 
     2 1 1 1 2 2 
    2 1 2 1 1 2 2 
   2 2 2 1 2 1 2 2 
  2 2 2 2 2 1 2 2 2 
 2 2 2 2 2 2 2 2 2 2 

depth = 214
 1 1 2 2 2 2 2 2 1 1 
  1 1 1 2 2 2 2 1 1 
   1 1 2 1 2 1 1 1 
    1 1 1 0 1 1 1 
     1 1 1 1 1 1 
      1 1 1 1 1 
       1 1 1 1 
        1 1 1 
         1 1 
          1 
         2 1 
        1 2 2 
       2 2 2 2 
      2 2 1 2 2 
     2 1 1 1 2 2 
    2 1 2 1 1 2 2 
   2 2 2 1 2 1 2 2 
  2 2 2 2 2 1 2 2 2 
 2 2 2 2 2 2 2 2 2 2 

depth = 215
 1 1 2 2 2 2 2 2 1 1 
  1 1 1 2 2 2 2 1 1 
   1 1 2 0 2 1 1 1 
    1 1 1 1 1 1 1 
     1 1 1 1 1 1 
      1 1 1 1 1 
       1 1 1 1 
        1 1 1 
         1 1 
          1 
         2 1 
        1 2 2 
       2 2 2 2 
      2 2 1 2 2 
     2 1 1 1 2 2 
    2 1 2 1 1 2 2 
   2 2 2 1 2 1 2 2 
  2 2 2 2 2 1 2 2 2 
 2 2 2 2 2 2 2 2 2 2 

depth = 216
 1 1 2 2 2 2 2 2 1 1 
  1 1 2 2 2 2 2 1 1 
   1 1 0 1 2 1 1 1 
    1 1 1 1 1 1 1 
     1 1 1 1 1 1 
      1 1 1 1 1 
       1 1 1 1 
        1 1 1 
         1 1 
          1 
         2 1 
        1 2 2 
       2 2 2 2 
      2 2 1 2 2 
     2 1 1 1 2 2 
    2 1 2 1 1 2 2 
   2 2 2 1 2 1 2 2 
  2 2 2 2 2 1 2 2 2 
 2 2 2 2 2 2 2 2 2 2 

depth = 217
 1 1 2 2 2 2 2 2 0 1 
  1 1 1 2 2 2 2 1 1 
   1 1 1 1 2 1 1 1 
    1 1 1 2 1 1 1 
     1 1 1 1 1 1 
      1 1 1 1 1 
       1 1 1 1 
        1 1 1 
         1 1 
          1 
         2 1 
        1 2 2 
       2 2 2 2 
      2 2 1 2 2 
     2 1 1 1 2 2 
    2 1 2 1 1 2 2 
   2 2 2 1 2 1 2 2 
  2 2 2 2 2 1 2 2 2 
 2 2 2 2 2 2 2 2 2 2 

depth = 218
 1 1 0 2 2 2 2 2 1 1 
  1 1 1 2 2 2 2 1 1 
   1 1 1 2 2 2 1 1 
    1 1 1 1 1 1 1 
     1 1 1 1 1 1 
      1 1 1 1 1 
       1 1 1 1 
        1 1 1 
         1 1 
          1 
         2 1 
        1 2 2 
       2 2 2 2 
      2 2 1 2 2 
     2 1 1 1 2 2 
    2 1 2 1 1 2 2 
   2 2 2 1 2 1 2 2 
  2 2 2 2 2 1 2 2 2 
 2 2 2 2 2 2 2 2 2 2 

depth = 219
 1 0 2 2 2 2 2 2 1 1 
  1 1 1 2 2 2 2 1 1 
   1 1 1 1 2 1 1 1 
    1 1 1 2 1 1 1 
     1 1 1 1 1 1 
      1 1 1 1 1 
       1 1 1 1 
        1 1 1 
         1 1 
          1 
         2 1 
        1 2 2 
       2 2 2 2 
      2 2 1 2 2 
     2 1 1 1 2 2 
    2 1 2 1 1 2 2 
   2 2 2 1 2 1 2 2 
  2 2 2 2 2 1 2 2 2 
 2 2 2 2 2 2 2 2 2 2 

depth = 220
 1 2 2 2 2 2 2 2 1 1 
  1 1 1 2 2 2 2 1 1 
   1 1 0 1 2 1 1 1 
    1 1 1 1 1 1 1 
     1 1 1 1 1 1 
      1 1 1 1 1 
       1 1 1 1 
        1 1 1 
         1 1 
          1 
         2 1 
        1 2 2 
       2 2 2 2 
      2 2 1 2 2 
     2 1 1 1 2 2 
    2 1 2 1 1 2 2 
   2 2 2 1 2 1 2 2 
  2 2 2 2 2 1 2 2 2 
 2 2 2 2 2 2 2 2 2 2 

depth = 221
 1 2 2 2 2 2 2 2 1 1 
  1 1 0 2 2 2 2 1 1 
   1 1 1 1 2 1 1 1 
    1 1 1 1 1 1 1 
     1 1 1 1 1 1 
      1 1 1 1 1 
       1 1 1 1 
        1 1 1 
         1 1 
          1 
         2 1 
        1 2 2 
       2 2 2 2 
      2 2 1 2 2 
     2 1 1 1 2 2 
    2 1 2 1 1 2 2 
   2 2 2 1 2 1 2 2 
  2 2 2 2 2 1 2 2 2 
 2 2 2 2 2 2 2 2 2 2 

depth = 222
 1 1 1 1 2 2 2 2 1 1 
  1 1 1 1 2 2 2 1 1 
   1 1 2 1 2 1 1 1 
    1 1 1 1 1 1 1 
     1 1 2 1 1 1 
      1 1 1 1 1 
       1 1 2 1 
        1 1 1 
         2 1 
          2 
         2 2 
        2 2 2 
       0 2 2 2 
      2 2 1 2 2 
     2 2 1 2 2 2 
    2 2 2 2 1 2 2 
   2 2 2 1 2 1 2 2 
  2 1 2 1 2 1 2 2 1 
 2 2 2 1 2 1 2 1 2 2 

depth = 223
 1 1 1 1 2 2 2 2 1 1 
  1 1 1 1 2 2 2 1 1 
   1 1 2 1 2 1 1 1 
    1 1 1 1 1 1 1 
     1 1 2 1 1 1 
      1 1 1 1 1 
       1 1 2 1 
        1 1 1 
         2 1 
          2 
         2 2 
        2 2 2 
       2 2 2 2 
      0 2 1 2 2 
     2 2 1 2 2 2 
    2 2 2 2 1 2 2 
   2 2 2 1 2 1 2 2 
  2 1 2 1 2 1 2 2 1 
 2 2 2 1 2 1 2 1 2 2 

depth = 224
 1 1 1 1 2 2 2 2 1 1 
  1 1 1 1 2 2 2 1 1 
   1 1 2 1 2 1 1 1 
    1 1 1 1 1 1 1 
     1 1 2 1 1 1 
      1 1 1 1 1 
       1 1 2 1 
        1 1 1 
         2 1 
          2 
         2 2 
        2 2 2 
       2 2 2 2 
      2 2 1 2 2 
     0 2 1 2 2 2 
    2 2 2 2 1 2 2 
   2 2 2 1 2 1 2 2 
  2 1 2 1 2 1 2 2 1 
 2 2 2 1 2 1 2 1 2 2 

depth = 225
 1 1 1 1 2 2 2 2 1 1 
  1 1 1 1 2 2 2 1 1 
   1 1 2 1 2 1 1 1 
    1 1 1 1 1 1 1 
     1 1 2 1 1 1 
      1 1 1 1 1 
       1 1 2 1 
        1 1 1 
         2 1 
          2 
         2 2 
        2 2 2 
       2 2 2 2 
      2 2 1 2 2 
     2 2 1 2 2 2 
    0 2 2 2 1 2 2 
   2 2 2 1 2 1 2 2 
  2 1 2 1 2 1 2 2 1 
 2 2 2 1 2 1 2 1 2 2 

depth = 226
 1 1 1 1 2 2 2 2 1 1 
  1 1 1 1 2 2 2 1 1 
   1 1 2 1 2 1 1 1 
    1 1 1 1 1 1 1 
     1 1 2 1 1 1 
      1 1 1 1 1 
       1 1 2 1 
        1 1 1 
         2 1 
          2 
         2 2 
        2 2 2 
       2 2 2 2 
      2 2 1 2 2 
     2 2 1 2 2 2 
    2 2 2 2 1 2 2 
   0 2 2 1 2 1 2 2 
  2 1 2 1 2 1 2 2 1 
 2 2 2 1 2 1 2 1 2 2 

depth = 227
 1 1 1 1 2 2 2 2 1 1 
  1 1 1 1 2 2 2 1 1 
   1 1 2 1 2 1 1 1 
    1 1 1 1 1 1 1 
     1 1 2 1 1 1 
      1 1 1 1 1 
       1 1 2 1 
        1 1 1 
         2 1 
          2 
         2 2 
        2 2 2 
       2 2 2 2 
      2 2 1 2 2 
     2 2 1 2 2 2 
    2 2 2 2 1 2 2 
   2 2 2 1 2 1 2 2 
  2 1 2 1 2 1 2 2 1 
 2 2 0 1 2 1 2 1 2 2 

depth = 228
 1 1 1 1 2 2 2 2 1 1 
  1 1 1 1 2 2 2 1 1 
   1 1 2 1 2 1 1 1 
    1 1 1 1 1 1 1 
     1 1 2 1 1 1 
      1 1 1 1 1 
       1 1 2 1 
        1 1 1 
         2 1 
          2 
         2 2 
        2 2 2 
       2 2 2 2 
      2 2 1 2 2 
     2 2 1 2 2 2 
    2 2 2 2 1 2 2 
   2 2 2 1 2 1 2 2 
  2 0 2 1 2 1 2 2 1 
 2 2 1 1 2 1 2 1 2 2 

depth = 229
 1 1 1 1 2 2 2 2 1 1 
  1 1 1 1 2 2 2 1 1 
   1 1 2 1 2 1 1 1 
    1 1 1 1 1 1 1 
     1 1 2 1 1 1 
      1 1 1 1 1 
       1 1 2 1 
        1 1 1 
         2 1 
          2 
         2 2 
        2 2 2 
       2 2 2 2 
      2 2 1 2 2 
     2 2 1 2 2 2 
    2 2 2 2 1 2 2 
   2 2 2 1 2 1 2 2 
  2 2 2 1 2 1 2 2 1 
 2 0 1 1 2 1 2 1 2 2 

depth = 230
 1 1 1 1 2 2 2 2 1 1 
  1 1 1 1 2 2 2 1 1 
   1 1 2 1 2 1 1 1 
    1 1 1 1 1 1 1 
     1 1 2 1 1 1 
      1 1 1 1 1 
       1 1 2 1 
        1 1 1 
         2 1 
          2 
         2 2 
        2 2 2 
       2 2 2 2 
      2 2 1 2 2 
     2 2 1 2 2 2 
    2 2 2 2 1 2 2 
   2 2 2 1 2 1 2 2 
  2 2 2 1 2 1 2 2 1 
 2 1 0 1 2 1 2 1 2 2 

depth = 231
 1 1 1 1 2 2 2 2 1 1 
  1 1 1 1 2 2 2 1 1 
   1 1 2 1 2 1 1 1 
    1 1 1 1 1 1 1 
     1 1 2 1 1 1 
      1 1 1 1 1 
       1 1 2 1 
        1 1 1 
         2 1 
          2 
         2 2 
        2 2 2 
       2 2 2 2 
      2 2 2 2 2 
     2 2 1 2 2 2 
    2 2 2 2 1 2 2 
   2 2 0 1 2 1 2 2 
  2 1 1 1 2 1 2 2 1 
 2 2 2 1 2 1 2 1 2 2 

depth = 232
 1 1 1 1 2 2 2 2 1 1 
  1 1 1 1 2 2 2 1 1 
   1 1 2 1 2 1 1 1 
    1 1 1 1 1 1 1 
     1 1 2 1 1 1 
      1 1 1 1 1 
       1 1 2 1 
        1 1 1 
         2 1 
          2 
         2 2 
        2 2 2 
       2 2 2 2 
      2 2 2 2 2 
     2 2 0 2 2 2 
    2 2 2 2 1 2 2 
   2 2 1 1 2 1 2 2 
  2 1 1 1 2 1 2 2 1 
 2 2 2 1 2 1 2 1 2 2 

depth = 233
 1 1 1 1 2 2 2 2 1 1 
  1 1 1 1 2 2 2 1 1 
   1 1 2 1 2 1 1 1 
    1 1 1 1 1 1 1 
     1 1 2 1 1 1 
      1 1 1 1 1 
       1 1 2 1 
        1 1 1 
         2 1 
          2 
         2 2 
        2 2 2 
       2 2 2 2 
      2 2 2 2 2 
     2 2 2 2 2 2 
    2 2 0 2 1 2 2 
   2 2 1 1 2 1 2 2 
  2 1 1 1 2 1 2 2 1 
 2 2 2 1 2 1 2 1 2 2 

depth = 234
 1 1 1 1 2 2 2 2 1 1 
  1 1 1 1 2 2 2 1 1 
   1 1 2 1 2 1 1 1 
    1 1 1 1 1 1 1 
     1 1 2 1 1 1 
      1 1 1 1 1 
       1 1 2 1 
        1 1 1 
         2 1 
          2 
         2 2 
        2 2 2 
       2 2 2 2 
      2 2 2 2 2 
     2 2 2 2 2 2 
    2 2 2 2 1 2 2 
   2 2 1 1 2 1 2 2 
  2 1 1 1 0 1 2 2 1 
 2 2 2 1 2 1 2 1 2 2 

depth = 235
 1 1 1 1 2 2 2 2 1 1 
  1 1 1 1 2 2 2 1 1 
   1 1 2 1 2 1 1 1 
    1 1 1 1 1 1 1 
     1 1 2 1 1 1 
      1 1 1 1 1 
       1 1 2 1 
        1 1 1 
         2 1 
          2 
         2 2 
        2 2 2 
       2 2 2 2 
      2 2 2 2 2 
     2 2 2 2 2 2 
    2 2 2 2 0 2 2 
   2 2 1 1 2 1 2 2 
  2 1 1 1 1 1 2 2 1 
 2 2 2 1 2 1 2 1 2 2 

depth = 236
 1 1 1 1 2 2 2 2 1 1 
  1 1 1 1 2 2 2 1 1 
   1 1 2 1 2 1 1 1 
    1 1 1 1 1 1 1 
     1 1 2 1 1 1 
      1 1 1 1 1 
       1 1 2 1 
        1 1 1 
         2 1 
          2 
         2 2 
        2 2 2 
       2 2 2 2 
      2 2 2 2 2 
     2 2 2 2 2 2 
    2 2 2 2 2 2 2 
   2 2 1 1 2 1 2 2 
  2 1 1 1 1 1 0 2 1 
 2 2 2 1 2 1 2 1 2 2 

depth = 237
 1 1 1 1 2 2 2 2 1 1 
  1 1 1 1 2 2 2 1 1 
   1 1 2 1 2 1 1 1 
    1 1 1 1 1 1 1 
     1 1 2 1 1 1 
      1 1 1 1 1 
       1 1 2 1 
        1 1 1 
         2 1 
          2 
         2 2 
        2 2 2 
       2 2 2 2 
      2 2 2 2 2 
     2 2 2 2 2 2 
    2 2 2 2 2 2 2 
   2 2 1 1 2 0 2 2 
  2 1 1 1 1 1 1 2 1 
 2 2 2 1 2 1 2 1 2 2 

depth = 238
 1 1 1 1 2 2 2 2 1 1 
  1 1 1 1 2 2 2 1 1 
   1 1 2 1 2 1 1 1 
    1 1 1 1 1 1 1 
     1 1 2 1 1 1 
      1 1 1 1 1 
       1 1 2 1 
        1 1 1 
         2 1 
          2 
         2 2 
        2 2 2 
       2 2 2 2 
      2 2 2 2 2 
     2 2 2 2 2 2 
    2 2 2 2 2 2 2 
   2 2 1 1 2 1 2 2 
  2 1 1 1 1 0 2 2 1 
 2 2 2 1 2 1 1 1 2 2 

depth = 239
 1 1 1 1 2 2 2 2 1 1 
  1 1 1 1 2 2 2 1 1 
   1 1 2 1 2 1 1 1 
    1 1 1 1 1 1 1 
     1 1 2 1 1 1 
      1 1 1 1 1 
       1 1 2 1 
        1 1 1 
         2 1 
          2 
         2 2 
        2 2 2 
       2 2 2 2 
      2 2 2 2 2 
     2 2 2 2 2 2 
    2 2 2 2 2 2 2 
   2 2 1 1 2 0 2 2 
  2 1 1 1 1 1 2 2 1 
 2 2 2 1 2 1 1 1 2 2 

depth = 240
 1 1 1 1 2 2 2 2 1 1 
  1 1 1 1 2 2 2 1 1 
   1 1 2 1 2 1 1 1 
    1 1 1 1 1 1 1 
     1 1 2 1 1 1 
      1 1 1 1 1 
       1 1 2 1 
        1 1 1 
         2 1 
          2 
         2 2 
        2 2 2 
       2 2 2 2 
      2 2 2 2 2 
     2 2 2 2 2 2 
    2 2 2 2 2 2 2 
   2 2 1 1 2 2 2 2 
  2 1 1 1 1 1 0 2 1 
 2 2 2 1 2 1 1 1 2 2 

depth = 241
 1 1 1 1 2 2 2 2 1 1 
  1 1 1 1 2 2 2 1 1 
   1 1 2 1 2 1 1 1 
    1 1 1 1 1 1 1 
     1 1 2 1 1 1 
      1 1 1 1 1 
       1 1 2 1 
        1 1 1 
         2 1 
          2 
         2 2 
        2 2 2 
       2 2 2 2 
      2 2 2 2 2 
     2 2 2 2 2 2 
    2 2 2 2 2 2 2 
   2 2 2 1 2 1 2 2 
  2 1 0 1 1 1 2 2 1 
 2 2 1 1 1 1 2 1 2 2 

depth = 242
 1 1 1 1 2 2 2 2 1 1 
  1 1 1 1 2 2 2 1 1 
   1 1 2 1 2 1 1 1 
    1 1 1 1 1 1 1 
     1 1 2 1 1 1 
      1 1 1 1 1 
       1 1 2 1 
        1 1 1 
         2 1 
          2 
         2 2 
        2 2 2 
       2 2 2 2 
      2 2 2 2 2 
     2 2 2 2 2 2 
    2 2 2 2 2 2 2 
   2 2 2 1 2 1 2 2 
  2 2 1 1 1 1 2 2 1 
 2 0 1 1 1 1 2 1 2 2 

depth = 243
 1 1 1 1 2 2 2 2 1 1 
  1 1 1 1 2 2 2 1 1 
   1 1 2 1 2 1 1 1 
    1 1 1 1 1 1 1 
     1 1 2 1 1 1 
      1 1 1 1 1 
       1 1 2 1 
        1 1 1 
         2 1 
          2 
         2 2 
        2 2 2 
       2 2 2 2 
      2 2 2 2 2 
     2 2 2 2 2 2 
    2 2 2 2 2 2 2 
   2 2 1 2 2 0 2 2 
  2 1 1 1 1 1 2 2 1 
 2 2 2 1 1 1 1 1 2 2 

depth = 244
 1 1 1 1 2 2 2 2 1 1 
  1 1 1 1 2 2 2 1 1 
   1 1 2 1 2 1 1 1 
    1 1 1 1 1 1 1 
     1 1 2 1 1 1 
      1 1 1 1 1 
       1 1 2 1 
        1 1 1 
         2 1 
          2 
         2 2 
        2 2 2 
       2 2 2 2 
      2 2 2 2 2 
     2 2 2 2 2 2 
    2 2 2 2 2 2 2 
   2 2 1 2 2 2 2 2 
  2 1 1 1 1 1 0 2 1 
 2 2 2 1 1 1 1 1 2 2 

depth = 245
 1 1 1 1 2 2 2 2 1 1 
  1 1 1 1 2 2 2 1 1 
   1 1 2 1 2 1 1 1 
    1 1 1 1 1 1 1 
     1 1 2 1 1 1 
      1 1 1 1 1 
       1 1 2 1 
        1 1 1 
         2 1 
          2 
         2 2 
        2 2 2 
       2 2 2 2 
      2 2 2 2 2 
     2 2 2 2 2 2 
    2 2 2 2 2 2 2 
   2 2 2 1 2 1 2 2 
  2 1 0 1 2 1 2 2 1 
 2 2 1 1 1 1 1 1 2 2 

depth = 246
 1 1 1 1 2 2 2 2 1 1 
  1 1 1 1 2 2 2 1 1 
   1 1 2 1 2 1 1 1 
    1 1 1 1 1 1 1 
     1 1 2 1 1 1 
      1 1 1 1 1 
       1 1 2 1 
        1 1 1 
         2 1 
          2 
         2 2 
        2 2 2 
       2 2 2 2 
      2 2 2 2 2 
     2 2 2 2 2 2 
    2 2 2 2 2 2 2 
   2 2 2 1 2 1 2 2 
  2 2 1 1 2 1 2 2 1 
 2 0 1 1 1 1 1 1 2 2 

depth = 247
 1 1 1 1 2 2 2 2 1 1 
  1 1 1 1 2 2 2 1 1 
   1 1 2 1 2 1 1 1 
    1 1 1 1 1 1 1 
     1 1 2 1 1 1 
      1 1 1 1 1 
       1 1 2 1 
        1 1 1 
         2 1 
          2 
         2 2 
        2 2 2 
       2 2 2 2 
      2 2 2 2 2 
     2 2 2 2 2 2 
    2 2 2 2 2 2 2 
   2 2 2 1 2 2 2 2 
  2 2 1 1 2 1 1 2 1 
 2 0 1 1 1 1 1 1 2 2 

depth = 248
 1 1 1 1 2 2 2 2 1 1 
  1 1 1 1 2 2 2 1 1 
   1 1 2 1 2 1 1 1 
    1 1 1 1 1 1 1 
     1 1 2 1 1 1 
      1 1 1 1 1 
       1 1 2 1 
        1 1 1 
         2 1 
          2 
         2 2 
        2 2 2 
       2 2 2 2 
      2 2 2 2 2 
     2 2 2 2 2 2 
    2 2 2 2 2 2 2 
   2 2 2 2 2 1 2 2 
  2 2 1 1 1 1 2 2 1 
 2 0 1 1 1 1 1 1 2 2 

depth = 249
 1 1 1 1 2 2 2 2 1 1 
  1 1 1 1 2 2 2 1 1 
   1 1 2 1 2 1 1 1 
    1 1 1 1 1 1 1 
     1 1 2 1 1 1 
      1 1 1 1 1 
       1 1 2 1 
        1 1 1 
         2 1 
          2 
         2 2 
        2 2 2 
       2 2 2 2 
      2 2 2 2 2 
     2 2 2 2 2 2 
    2 2 2 2 2 2 2 
   2 2 2 2 2 2 2 2 
  2 2 1 1 1 1 1 2 1 
 2 0 1 1 1 1 1 1 2 2 

depth = 250
 1 1 1 1 2 2 2 2 1 1 
  1 1 1 1 2 2 2 1 1 
   1 1 2 1 2 1 1 1 
    1 1 1 1 1 1 1 
     1 1 2 1 1 1 
      1 1 1 1 1 
       1 1 2 1 
        1 1 1 
         2 1 
          2 
         2 2 
        2 2 2 
       2 2 2 2 
      2 2 2 2 2 
     2 2 2 2 2 2 
    2 2 2 2 2 2 2 
   2 2 2 2 2 2 2 2 
  2 2 1 1 0 1 1 2 1 
 2 1 1 1 1 1 1 1 2 2 

depth = 251
 1 1 1 1 2 2 2 2 1 1 
  1 1 1 1 2 2 2 1 1 
   1 1 2 1 2 1 1 1 
    1 1 1 1 1 1 1 
     1 1 2 1 1 1 
      1 1 1 1 1 
       1 1 2 1 
        1 1 1 
         2 1 
          2 
         2 2 
        2 2 2 
       2 2 2 2 
      2 2 2 2 2 
     2 2 2 2 2 2 
    2 2 2 2 2 2 2 
   2 0 2 2 2 2 2 2 
  2 2 1 2 1 1 1 2 1 
 2 1 1 1 1 1 1 1 2 2 

depth = 252
 1 1 1 1 2 2 2 2 1 1 
  1 1 1 1 2 2 2 1 1 
   1 1 2 1 2 1 1 1 
    1 1 1 1 1 1 1 
     1 1 2 1 1 1 
      1 1 1 1 1 
       1 1 2 1 
        1 1 1 
         2 1 
          2 
         2 2 
        2 2 2 
       2 2 2 2 
      2 2 2 2 2 
     2 2 2 2 2 2 
    2 2 2 2 2 2 2 
   2 2 2 1 2 2 2 2 
  2 0 2 1 1 2 1 2 1 
 2 1 1 1 1 1 1 1 2 2 

depth = 253
 1 1 1 1 2 2 2 2 1 1 
  1 1 1 1 2 2 2 1 1 
   1 1 2 1 2 1 1 1 
    1 1 1 1 1 1 1 
     1 1 2 1 1 1 
      1 1 1 1 1 
       1 1 2 1 
        1 1 1 
         2 1 
          2 
         2 2 
        2 2 2 
       2 2 2 2 
      2 2 2 2 2 
     2 2 2 2 2 2 
    2 2 2 2 2 2 2 
   2 2 2 2 2 2 2 2 
  2 0 1 2 1 1 1 2 2 
 2 1 1 1 1 1 1 1 2 1 

depth = 254
 1 1 1 1 2 2 2 2 1 1 
  1 1 1 1 2 2 2 1 1 
   1 1 2 1 2 1 1 1 
    1 1 1 1 1 1 1 
     1 1 2 1 1 1 
      1 1 1 1 1 
       1 1 2 1 
        1 1 1 
         2 1 
          2 
         2 2 
        2 2 2 
       2 2 2 2 
      2 2 2 2 2 
     2 2 2 2 2 2 
    2 2 2 2 2 2 2 
   2 2 2 1 2 2 2 2 
  2 0 1 2 2 1 1 2 2 
 2 1 1 1 1 1 1 1 1 2 

depth = 255
