30 50 6
000000000000000000000000000000
000000000000000000000000000000
111111111111111111111111111111
000000000000000000000000000000
111111111111111111111111111111
000000000000000000000000000000
111111111111111111111111111111
000000000000000000000000000000
111111111111111111111111111111
000000000000000000000000000000
111111111111111111111111111111
000000000000000000000000000000
111111111111111111111111111111
000000000000000000000000000000
111111111111111111111111111111
000000000000000000000000000000
111111111111111111111111111111
000000000000000000000000000000
111111111111111111111111111111
000000000000000000000000000000
111111111111111111111111111111
000000000000000000000000000000
111111111111111111111111111111
000000000000000000000000000000
111111111111111111111111111111
000000000000000000000000000000
111111111111111111111111111111
000000000000000000000000000000
111111111111111111111111111111
000000000000000000000000000000
111111111111111111111111111111
000000000000000000000000000000
111111111111111111111111111111
000000000000000000000000000000
111111111111111111111111111111
000000000000000000000000000000
111111111111111111111111111111
000000000000000000000000000000
111111111111111111111111111111
000000000000000000000000000000
111111111111111111111111111111
000000000000000000000000000000
111111111111111111111111111111
000000000000000000000000000000
111111111111111111111111111111
000000000000000000000000000000
111111111111111111111111111111
000000000000000000000000000000
111111111111111111111111111111
000000000000000000000000000000
111111111111111111111111111111
000000000000000000000000000000
111111111111111111111111111111
000000000000000000000000000000
111111111111111111111111111111
000000000000000000000000000000
111111111111111111111111111111
000000000000000000000000000000
111111111111111111111111111111
111111111111111111111111111111


5 3 2
00000
00001
11111
