100

39 52 8 69023

34 39 9 28801

34 39 10 0

31 12 9 85019

30 55 615851 0

31 241 4 84765

39 51 1 382

32 140 993243 0

36 126 442751 0

34 39 10 0

40 11 2 156

34 79 4 10631

38 52 6 62514

34 0 66474 0

32 60 7 172

30 197 2 126

34 66 5 266

35 61 9 28800

38 79 8 392

36 8 46949 0

31 47 4 346

35 40 9 28801

30 28 0 428

35 39 10 0

35 60 9 28800

33 5 4 21763

31 10 615164 0

40 60 737301 0

32 14 4 27

37 11 4 21897

34 52 6 72712

34 4 2 480

37 60 9 67210

34 61 9 28800

31 21 3 27885

40 110 4 3284

35 58 8 174

31 91 337 0

37 20 361054 0

38 156 9 160

36 45 4 11106

38 4 7 46095

30 16 9 14533

36 85 1 39771

34 51 745102 0

34 39 9 28800

34 294 9 32508

35 60 9 28801

36 43 995146 0

33 24 816750 0

35 40 10 0

30 4 0 82350

34 61 10 0

34 60 9 28800

35 61 9 28801

31 40 614724 0

38 23 8 109

38 112 4 1784

35 39 10 0

35 40 10 0

38 55 6 80153

37 58 1 51027

31 193 6 28452

32 57 814948 0

37 235 3 66796

35 39 9 28800

39 272 622114 0

35 40 9 28800

37 240 5 605

34 60 10 0

31 55 1 27464

35 39 9 28801

34 47 798135 0

32 59 3 80485

34 61 10 0

35 60 10 0

35 69 300008 0

34 60 9 28801

39 8 5 55976

34 205 555481 0

31 51 9 1307

35 61 10 0

34 40 10 0

35 61 10 0

34 40 9 28801

34 40 10 0

37 58 3 119

32 20 6 309

37 197 5 75052

38 66 4 40

37 6 3 105

35 47 1 23422

30 43 1 25963

34 61 9 28801

31 31 492917 0

35 60 10 0

34 40 9 28800

34 60 10 0

40 21 7 7729

35 90 7 453
