100

118 917

8097 329794

494895 4

1020 2

10 9

3498 938491

137410 19

1000 2995

899498 498499

2 15

1000000 1

137205 19

910 224

39852 347484

999999 999

6 6

239838 298394

3480 334351

729992 898507

83747 3850

2 1021

137210 12

18 24085

358499 359595

99 123344

3948 437902

398978 398446

1392 2010

2958 2959

1000000 1000000

1205 2972

334989 948504

600000 800006

115 106

2 21

938493 394901

1 8

234946 43282

2311 124005

13944 14

350 23926

238440 638766

499296 398295

199409 5

113 2962

995844 420117

245983 495892

1000000 100002

992000 198287

1 1000000

958490 498553

27 74

908105 239895

3949 3499

3 1

909007 1404

18 230981

123451 79097

39 43441

350 341411

121 908

334589 648942

9377 9388

32 34986

5 21

31 233427

100005 393835

398548 595848

29996 109

9998 398498

948595 495854

146 13499

997865 209836

398493 121344

635224 24115

100097 100995

2 16

2400 28

199512 8

799996 400003

118 912

2984 3948

1 3

123458 654323

199510 17

4 329233

1412 14137

137407 1

398398 458493

199316 6

1 1

2 9998

15 314444

194 129397

99939 9916

348390 395845

249807 349386

3097 349807

100996 9

2 34
