3
1 2
1 3
1 2
2000
49861 17164
86513 12731
72049 32798
73172 43344
56605 74445
16791 15045
32502 25630
77351 67344
24249 48432
3499 448
6412 28004
97315 23009
20875 483
94625 650
26655 80753
29715 36576
65325 86586
4069 43478
51694 83574
5472 34493
94448 15191
69792 57075
27995 4
56842 68037
90584 65712
32972 40826
18462 91293
45865 61137
77861 64346
16091 97447
20184 52846
337 86056
97942 87413
43258 91865
4631 51976
89128 56819
18546 64055
76982 26837
13945 68967
69908 18659
11336 79952
42217 2692
38060 24756
59242 3272
59725 41588
70707 59144
79136 38057
7553 14278
21683 46657
26473 80827
82174 92298
9574 5047
77812 20357
66772 85009
73620 8523
44688 11945
40748 19597
51907 99884
3432 14202
20964 10023
88395 77555
41999 84911
30283 69903
91681 65343
10514 59568
9143 40863
24464 65864
23821 68350
25896 27980
49358 6560
88509 28731
24243 46111
35638 68378
276 41696
11720 85055
71171 67718
26956 12541
57777 50759
81451 12651
56130 76799
31547 4461
37559 11698
71443 73486
14624 7837
72648 94982
46126 34851
15417 62502
12607 68851
5784 17837
9742 92549
52807 25626
60200 2031
69588 95333
59593 27902
2713 97183
44126 66021
15151 45423
86779 72463
82038 82043
5975 18815
75018 13589
61643 76762
34255 61034
44680 18599
66256 32728
58596 85175
76354 29520
88497 1375
95949 22162
39764 67136
3287 88506
64267 38852
52014 72920
28618 50389
11544 95224
89925 27811
17426 30587
48218 88822
16537 45895
29944 13056
41707 79319
7780 37327
42028 7190
82849 58
40015 51032
95975 99232
54129 34895
14899 70520
67156 32290
79702 58019
97208 18387
14734 74363
31569 18099
13054 4364
64583 67738
20008 34989
72608 66585
32738 21985
2948 16625
58952 71208
23370 41449
53466 1344
6239 48689
57327 8814
20894 90130
79614 8929
2019 67579
84350 27578
5699 94758
17962 51690
71419 21661
49976 65286
73448 50281
10341 41102
72318 63186
20302 79458
2952 69531
4791 79436
54665 68716
87854 49521
86767 88567
49112 61974
66705 72687
19213 87450
33334 47266
21668 13254
51383 69211
3656 13283
92879 49919
10897 52843
23280 18577
43411 43404
83251 68518
17160 16721
98208 54368
58639 34142
56409 37430
78421 44042
19925 24728
28393 20950
51441 2344
14688 75862
91436 17019
52582 94355
25814 28627
45239 2357
71953 8956
99364 57823
42958 44668
57353 38120
44834 61305
97400 19860
21370 94303
95612 1330
96668 17286
43048 82876
18057 99076
96785 21885
73173 2084
18872 4772
27483 85899
16884 6053
93690 22195
61688 25659
26073 18545
84219 40730
12790 48816
75924 71781
81905 82472
65056 29127
14856 32085
61220 71472
79375 11642
47004 11487
15538 33697
11919 43823
79439 13243
29279 39397
22530 84267
50558 49772
47458 41692
58747 40313
77417 68801
77426 27441
32700 96766
65949 30123
60152 18703
53948 68816
76273 72438
36288 5873
88245 41999
88897 33202
57518 62709
98119 78224
83852 54789
63336 34458
62849 38706
21722 83799
13674 86414
12721 83575
75560 47283
927 51226
28962 18431
82720 15961
40305 45593
32662 81548
45897 83190
89104 83660
51748 78317
18744 43568
10240 91692
41423 46730
53320 24693
88950 77807
84360 82329
35228 55150
9050 91010
84748 48897
79654 82264
78245 72859
29139 873
49010 85594
32813 51368
92137 58928
88222 40367
38617 100000
90540 35040
23453 87366
74201 48120
14069 83175
24037 86658
4811 56675
45086 1333
63061 33001
41966 33043
30556 13036
51452 37974
83417 81963
8553 47016
49882 86899
2910 72650
84878 57487
2132 59988
34813 21722
18443 9054
68938 25513
68666 94505
50433 55759
2480 25438
11250 39173
34630 21730
40444 3041
31271 11209
2097 38783
44153 52124
42346 68080
17434 62538
96977 26773
76398 48878
63480 20312
44447 2792
91595 71768
80935 13159
81649 48952
27439 79602
63351 79702
41189 27825
82214 16658
61780 4585
14894 6682
39056 61962
7307 31305
66794 43977
14381 78259
47390 32477
72203 59151
18336 38885
51806 22803
21295 90935
98924 9839
91020 32373
21056 22924
94019 53927
27776 33883
98568 7268
93367 38130
8750 23476
93797 86719
29045 93355
69369 54415
33713 50358
96999 29869
20684 85549
84181 71998
14702 77647
52780 59406
13529 25646
92789 51141
16562 64431
82056 74665
42335 39444
81448 97786
93111 30345
89414 26027
6930 88281
34893 85699
3596 80421
81987 9585
67700 89468
38875 79858
63054 66727
1769 8671
65883 83621
12860 47046
73754 18373
79746 17421
61051 78562
48679 13878
35442 24662
71458 20001
11462 79232
77525 59994
73180 87546
539 40548
96864 20986
99867 14645
53341 68980
19275 23576
97920 59661
90703 58667
80655 46402
93370 52304
1570 35977
36030 20582
82224 55265
31899 63265
97464 24111
65482 95560
88001 41404
12776 69545
67012 94696
20811 9019
11490 67986
99144 62154
43664 71037
40187 92832
19289 21909
2688 19247
40691 33979
44292 41424
53564 42705
26170 16333
1058 35681
81725 67501
37675 53391
9373 97074
22881 15408
28471 82698
51920 7140
10147 33950
53542 71556
39003 87138
13686 76286
75420 80768
25682 33211
15050 63701
34347 855
95792 94924
29113 91897
92137 37750
53796 82712
91706 86284
74104 99519
43733 81132
72791 58327
49260 31717
3555 12094
68137 10447
13118 8328
9309 79540
54245 60481
54232 53910
36094 65164
14821 56535
50636 59127
18785 38569
41024 61606
38320 81678
38653 21767
70194 80197
46967 22245
43785 85374
31399 39010
81411 41891
33549 37775
85498 30731
43943 86962
48239 64199
79520 77540
10131 34281
40126 78266
68251 59560
91383 89707
7730 87581
747 37379
329 6896
58674 10369
52289 88229
49547 80450
55115 78395
7287 53001
83247 99102
41081 6788
22651 79828
47796 77890
5521 68002
22879 63730
65048 88199
31768 47549
27546 56378
33201 29606
89238 26086
35864 58548
14376 45467
85272 70547
67703 20716
90831 2830
5973 10883
19030 66031
93513 57651
60516 52285
39644 82637
72238 65360
40112 53881
54641 79210
19927 36517
34234 32656
45970 43211
28284 22249
99287 94907
97638 61509
59577 87996
80926 82509
68618 50396
16018 92077
61195 5610
18365 87779
7780 63860
8812 43195
24370 25480
81941 94100
13364 30268
28733 80003
92422 73058
81242 3441
3330 50024
21429 73597
22947 10830
88827 63809
96345 91465
62360 73390
96836 53249
68489 83856
77419 80985
51629 5152
97390 12430
12195 37881
90795 11266
83960 28108
39822 24525
55085 59117
46127 15231
88042 32995
71764 52856
22756 19272
84566 13575
47154 39667
71362 63234
40571 70528
27684 7131
71259 57590
41107 19314
830 82540
24036 51799
89726 5508
32787 51405
40373 41460
15707 23433
73330 47566
41741 10850
28567 90598
70292 52806
74419 92379
77083 33902
3613 83067
62580 86664
94879 18763
48626 3974
23691 85592
44558 9878
53004 37313
10958 19185
18757 19645
12414 45846
22394 70511
70441 43344
38617 51174
64817 37526
58696 35713
91870 42815
93407 43384
48067 99890
13296 45166
38107 89136
73754 68430
574 26066
57007 95084
38217 37862
19567 33290
41645 24079
1336 1899
7452 77761
78831 12739
97724 58855
10096 57894
35905 81333
60731 98040
22966 75024
39925 20774
21722 77549
41059 63812
50466 80067
34712 22108
49476 10778
22092 27533
5421 74481
25958 78111
4635 46059
83983 26196
22226 25895
58799 12901
71017 30206
90227 62904
33691 97424
71713 59168
79696 20640
25826 82491
42537 57093
6838 84056
65050 49459
53569 19767
42781 14759
17416 99149
36453 98895
71169 26559
31830 55719
69015 52578
92590 26174
39998 24452
42807 66083
2023 68550
89425 90685
34789 48983
31090 73989
34281 95036
22605 4484
32882 48004
69008 62855
34831 43863
376 48306
21486 72044
38331 48132
92390 59132
64049 69593
51897 47704
61421 47396
35467 29656
59667 6497
10726 56480
78837 15121
34995 69041
76688 62363
9948 50883
63681 58091
34850 23042
47363 88900
19921 27299
61134 95195
10867 28016
43928 23066
82526 40798
55396 76188
54697 36551
19819 62627
45194 90900
95632 28037
15335 46779
15826 58425
50822 29319
57552 54585
8157 20418
92429 47568
3431 40777
77903 75517
19004 51218
55514 51097
4935 26215
75398 54004
89142 50319
14266 12083
24469 74074
63537 28888
65848 47900
47216 55732
18494 39790
68262 36922
42943 71544
55282 11712
67237 66244
86541 83309
95740 50922
49072 50756
31026 68635
60766 94674
35703 15647
51811 52561
58684 76087
98216 67617
71514 98608
98980 40005
99397 69271
34870 8101
65326 30575
81041 85980
79316 78435
28494 42205
15618 13574
6638 23367
4657 9438
67216 67137
81402 90292
60184 66197
44176 46743
96653 2916
86449 84672
90010 80560
25613 41802
1222 99740
6726 74928
91034 27530
53095 32848
23390 53849
49455 74332
39405 37197
15456 57844
68368 85529
77982 37442
95623 62832
9034 16181
21198 36941
23053 79818
17382 7267
42783 6697
98145 54552
48187 97845
13672 9798
28354 19672
64994 31250
4477 1908
27676 31181
83325 88696
81102 96543
18455 30972
57543 76788
91845 14632
69951 59800
5612 99520
11354 53522
73722 58401
74463 31084
91665 38838
45401 64788
10324 61869
28505 66898
53893 33798
53400 9641
63664 96879
64746 14048
65618 23582
58275 67170
3654 61308
83459 53805
38361 30174
7937 15233
27736 37977
26853 80720
8252 2024
91736 53875
16993 7380
39173 85650
5933 11911
75284 78041
23285 58387
44085 50980
82503 27835
97886 71673
23115 72441
37755 7487
37990 83669
89051 75826
5642 66242
78518 46954
13370 12358
38365 17127
84618 65491
52244 32376
62332 68576
96484 69741
37033 48023
6210 98495
14796 60076
94077 63913
74857 38460
73712 89380
80608 27347
40251 47257
50491 58539
56691 36925
18904 59751
2340 51134
81432 37321
94240 44377
16273 12952
74877 13774
55116 63742
21177 2385
75201 97252
17161 64265
41042 20302
12740 31566
13163 39351
76038 77057
93995 71152
18974 15220
12299 81079
13342 65367
79561 90460
15554 58566
39776 67818
25904 93644
91125 7641
36515 86766
79758 96612
80115 54226
56133 14877
8797 72993
79307 39363
82744 71370
48654 29362
78496 69941
12603 30083
75021 67037
35141 27753
4389 3413
10550 6765
67996 47126
80773 73576
95545 75027
86117 28305
33715 44288
34863 39658
86738 12551
9720 44742
28997 84027
95593 87140
77902 1036
53467 85162
56423 24482
26642 208
12014 25657
28287 41765
60584 57095
61324 91434
29537 58046
83761 70870
16743 45328
83411 86426
16986 21916
26890 2038
93765 21626
18095 68484
62177 80901
43095 45053
63486 59061
1386 14063
39353 1785
70419 11145
84670 83362
21733 78039
73690 59671
86186 19607
11279 93510
43771 94143
76537 68164
14336 43908
61972 14624
30840 40396
282 37244
51152 62406
40615 15570
80280 81982
34896 84274
37319 17938
15996 85530
73485 44696
56946 49469
75032 57846
53065 78711
21336 90976
46285 96146
296 21420
37704 4455
54847 67500
5638 8213
72618 65244
52346 61169
70742 68394
53950 32602
36965 68635
40776 86862
92138 11378
15622 52738
46168 41110
46955 26456
45678 55458
94683 20627
5859 61743
24978 96654
88121 98298
5424 19791
18602 16317
95073 62828
37837 78976
29205 79018
59048 62326
64017 29173
79573 77561
80882 7783
7729 44159
37431 83366
14533 46784
97728 78196
7553 1234
26105 30005
21999 33070
8707 35462
84107 60349
88861 93285
83613 44272
2639 79087
88539 80222
60409 68722
96940 99683
90032 20464
80105 20932
84210 56135
70991 54256
45276 88939
64388 43912
7616 11696
53200 23415
23401 28133
42744 9170
99341 15524
84642 47457
68740 96994
8706 25583
17797 63138
18313 25263
71636 66002
47891 27375
92919 54004
63883 15865
83685 77877
59354 95321
83780 68495
41585 53424
72055 24328
18405 14742
39673 95763
37759 46238
79068 75615
43586 64024
23238 99346
55045 33645
54474 88060
13778 57165
50856 84764
41378 56014
44780 6168
5361 21791
67688 63942
63611 52509
56468 70648
83887 80078
2594 94967
64010 38896
58136 41355
89910 14216
41619 12522
829 33390
50318 45075
4405 40319
17825 54275
27783 92379
11159 62081
65647 85080
39924 31556
11489 89859
21129 72492
36467 58044
72545 88862
20804 24474
80624 93748
88480 38983
36874 46050
47458 66308
60538 53873
78163 54696
22047 19489
33538 61916
67813 61730
38628 2413
84809 74053
88055 543
65492 55049
434 88059
67870 66483
72260 7095
59921 29829
84998 86778
85763 2507
21294 68131
56538 80538
84953 393
11154 45000
48424 16003
90087 9572
57210 81909
44225 78586
47330 93252
55074 96548
6569 20685
63101 57219
67766 94434
97989 53266
30354 33559
34234 35655
90430 35824
84023 28548
27891 87022
8259 13106
67970 34730
17956 68679
52544 83401
39018 97998
30795 89681
81379 83787
98585 80100
41313 36388
78735 40318
46564 18260
70358 75055
46370 33453
92569 51540
41082 74180
76976 83891
23104 37384
3058 10317
66643 90766
32240 54645
7978 48091
49361 45556
20659 39912
16513 14475
26564 59320
43570 81474
29681 58209
74934 19417
95900 42086
33596 13209
80116 99182
84701 83065
68285 29785
22744 49689
23551 55991
23040 92918
14395 70909
61048 3294
41495 74469
7047 84226
46409 73958
70823 18417
77526 49140
56761 30265
50305 81001
6854 21780
83582 70702
53627 25320
30558 71243
80267 46178
81536 72518
27928 82010
70200 14039
94363 26310
11206 5730
10836 38170
74494 61974
50570 90476
21616 57906
29370 70123
97485 98970
83128 75091
63569 18492
5900 38991
47220 35796
72271 70369
58499 85847
47713 54603
27673 75925
67383 64963
51093 5263
76737 27564
3226 58401
23975 94963
1311 25145
54693 94243
65020 21164
21326 18386
35201 59374
4731 41709
37571 18228
81230 30097
53312 47907
17046 30046
88742 67201
52540 4139
90508 14793
53014 8037
96524 99784
61069 482
31650 33013
30067 44829
81996 37236
49872 1471
13871 18969
77820 55025
39450 15225
51069 49566
88067 95920
4906 77514
81849 38039
37111 42483
69744 85309
5495 79412
72648 50836
96725 4377
82517 7672
64687 95636
33419 80432
68788 92511
86300 699
92741 81932
855 10045
45997 17626
86656 91023
29527 54563
56403 21506
29411 53260
41765 88446
12675 13419
67102 59623
74837 84322
19135 6550
95519 96972
57198 47707
22496 98469
5426 52042
34273 97269
76638 10703
42536 55177
39681 66661
37787 71071
44802 42947
60685 76868
22756 50131
87784 19301
25621 91257
50708 94054
53887 40370
92656 71090
33717 10864
93310 42185
59119 78071
33692 1022
80275 91677
4757 51728
5689 36748
99046 28574
42043 45380
32709 94984
41503 56494
77798 97305
77228 90103
1632 53240
59468 79932
4140 7962
17975 68703
65637 46088
62728 52236
9 84514
40718 89124
92719 21080
98735 13583
63435 84993
52901 80898
61090 36354
37603 82045
89405 30068
37382 20511
95684 81493
93359 97678
90223 11450
64309 90188
10879 72566
25452 74436
3164 59485
14328 99611
54107 26162
12275 85545
34605 94743
56695 18102
64271 64222
58500 90116
91927 61894
91190 36050
68717 26525
83640 94006
97096 45869
93695 98634
43040 70958
40539 26333
59174 62
1877 32370
49081 23007
29385 4544
6920 74245
39623 15537
48239 95401
5350 55570
47195 15918
6707 27270
59553 36432
26117 58362
20055 32940
53628 46899
95036 81198
49320 73952
67233 47621
20639 65057
58321 73860
69314 33242
17113 42820
44681 11148
36935 987
77715 59775
16374 99163
28306 97974
53384 26140
42790 15087
6137 49124
20575 33604
65706 44095
29061 67532
48766 28538
81547 53034
24275 79433
20355 2037
60386 88976
89161 77754
98368 38703
67081 7841
93743 45488
139 20003
83374 87968
51642 4044
46194 73364
95013 10356
87528 68258
54651 88650
38433 34836
21443 42169
75620 80303
9051 25816
20969 12087
99722 94535
16433 66900
49212 18127
17428 46429
69660 16545
40467 96352
97755 45993
6430 35201
39039 30001
65037 3655
84114 94609
77092 17711
40392 35142
84910 77445
55731 30470
67131 89461
15044 84535
58430 90183
25322 34013
7090 19922
21236 23950
41391 56692
95762 42745
49387 13293
6567 85879
33947 71818
17952 10091
56709 43962
94081 61275
9443 21906
66369 39179
60643 18798
6055 68177
88288 86691
62085 7932
78561 66924
89839 82066
4871 48357
33619 62077
94389 34314
16088 92102
90977 2687
82312 16077
67226 65304
91297 99874
65320 23626
10771 68457
30693 86042
63744 82805
75491 67006
80466 7676
85439 65926
4803 3091
86044 11815
87706 57414
67425 22256
16025 54847
44378 28093
85987 86031
95377 50572
46479 7090
84714 29391
37096 83966
62257 8619
4542 18226
49707 14708
43385 94961
37634 55352
13675 68939
19080 29914
99264 72269
90509 48107
92656 84664
35162 81886
1239 19348
25464 30818
37354 96290
6336 19933
72698 66096
48926 4070
43292 18280
51122 58574
92203 26264
46864 53846
36131 7122
17996 53299
62150 79465
60467 29934
70617 99798
79041 56696
18454 22076
92080 7295
17644 21947
49113 76169
61302 35312
60172 34071
83788 98421
26474 26413
82045 25914
49109 68461
97981 95146
85686 19970
71925 5103
67197 33345
55981 70527
79059 67347
24623 84890
34785 72340
34855 17049
19057 64577
86504 87261
73088 73847
76894 29311
20795 30539
65942 81464
54013 40725
95239 43427
81146 18983
86271 87314
1375 22349
71926 54522
58937 70895
55655 8346
4743 93135
3147 34015
99347 91718
31601 87648
18563 56973
96249 36436
14848 34893
77808 11319
71248 80608
38288 6717
94904 48289
46733 19759
1606 10605
36963 73209
67114 93322
72513 25389
73302 8368
81276 39135
73613 77898
25751 76882
91921 45567
81538 6
