ylpcmwlksmajnkbldhveojwkvbecyflwqdaezlqrxrcldeygltkacgmahscixqgnthtssjlscnffrdlfyxhdgtfpljxkzgzsnsmh
20 100
1 54 72 g
1 14 43 e
1 12 84 k
1 5 99 e
2 52 61
1 29 46 k
1 62 88 x
2 11 98
1 49 52 z
2 9 84
1 16 77 z
2 69 80
2 26 61
2 73 77
2 6 71
1 32 40 r
2 43 55
1 79 91 u
2 65 76
1 52 94 r
2 23 33
1 23 48 v
1 24 28 o
2 68 98
1 29 100 v
1 28 42 h
2 10 92
2 26 31
1 19 32 h
1 6 16 a
2 31 71
2 51 55
2 48 74
1 73 77 v
2 10 14
2 45 71
2 4 96
1 14 15 c
1 18 44 s
1 29 48 n
2 32 79
2 5 26
2 54 78
1 17 43 r
1 30 88 q
1 76 77 y
1 61 98 z
1 3 55 i
2 31 80
2 63 71
1 19 40 f
2 9 42
1 1 58 z
1 72 79 n
1 1 31 b
1 22 60 v
2 13 25
2 21 55
1 26 59 a
1 25 51 e
1 10 15 b
2 43 98
2 3 100
1 20 52 p
2 41 54
1 18 65 d
2 84 90
2 13 49
1 90 99 g
1 4 83 v
1 77 77 j
1 11 31 l
2 34 43
2 39 71
1 48 56 p
1 78 84 r
2 94 96
2 56 67
1 1 35 e
2 1 63
1 11 93 n
1 78 97 a
2 95 100
1 24 48 o
1 2 85 g
1 32 63 g
2 3 66
2 42 95
2 42 51
1 5 86 y
2 15 60
2 6 14
1 13 29 o
2 4 82
2 29 35
2 73 94
1 11 45 u
2 27 31
1 9 31 a
1 54 83 p
