50
11111111111111111111111111111111111111111111111111111111111111
11111111111111111111111111111111111111111111111111111111111111
11111111111111111111111111111111111111111111111111111111111111
11111111111111111111111111111111111111111111111111111111111111
11111111111111111111111111111111111111111111111111111111111111
11111111111111111111111111111111111111111111111111111111111111
11111111111111111111111111111111111111111111111111111111111111
11111111111111111111111111111111111111111111111111111111111111
11111111111111111111111111111111111111111111111111111111111111
11111111111111111111111111111111111111111111111111111111111111
11111111111111111111111111111111111111111111111111111111111111
11111111111111111111111111111111111111111111111111111111111111
11111111111111111111111111111111111111111111111111111111111111
11111111111111111111111111111111111111111111111111111111111111
11111111111111111111111111111111111111111111111111111111111111
11111111111111111111111111111111111111111111111111111111111111
11111111111111111111111111111111111111111111111111111111111111
11111111111111111111111111111111111111111111111111111111111111
11111111111111111111111111111111111111111111111111111111111111
11111111111111111111111111111111111111111111111111111111111111
11111111111111111111111111111111111111111111111111111111111111
11111111111111111111111111111111111111111111111111111111111111
11111111111111111111111111111111111111111111111111111111111111
11111111111111111111111111111111111111111111111111111111111111
11111111111111111111111111111111111111111111111111111111111111
11111111111111111111111111111111111111111111111111111111111111
11111111111111111111111111111111111111111111111111111111111111
11111111111111111111111111111111111111111111111111111111111111
11111111111111111111111111111111111111111111111111111111111111
11111111111111111111111111111111111111111111111111111111111111
11111111111111111111111111111111111111111111111111111111111111
11111111111111111111111111111111111111111111111111111111111111
11111111111111111111111111111111111111111111111111111111111111
11111111111111111111111111111111111111111111111111111111111111
11111111111111111111111111111111111111111111111111111111111111
11111111111111111111111111111111111111111111111111111111111111
11111111111111111111111111111111111111111111111111111111111111
11111111111111111111111111111111111111111111111111111111111111
11111111111111111111111111111111111111111111111111111111111111
11111111111111111111111111111111111111111111111111111111111111
11111111111111111111111111111111111111111111111111111111111111
11111111111111111111111111111111111111111111111111111111111111
11111111111111111111111111111111111111111111111111111111111111
11111111111111111111111111111111111111111111111111111111111111
11111111111111111111111111111111111111111111111111111111111111
11111111111111111111111111111111111111111111111111111111111111
11111111111111111111111111111111111111111111111111111111111111
11111111111111111111111111111111111111111111111111111111111111
11111111111111111111111111111111111111111111111111111111111111
11111111111111111111111111111111111111111111111111111111111111
11111111111111111111111111111111111111111111111111111111111111
6
011100
101100
110100
111000
000001
000010
