3 4
0111
1011
1011
20 20
11111111111111111111
11101011111111111111
11101101011111111111
11111111110101111111
11111111111110111111
11111011011110111111
11111011011111111111
11111111011110111111
11111111011110111111
11111110111110111111
11111111111111101111
11111110111111101111
11111111111111111111
11100000111101101111
11111111111111111111
11111111111111111111
11111111111111111111
11111111111111111111
11111111111111111111
11111111111111111111
1111111111
1111111111
1111111111
1111111111
1111111111
1111111111
1111111111
1111111111
1111111111

