67 134 21
58 39
3 7
19 4
59 42
25 6
26 12
42 57
50 49
67 56
63 64
57 43
63 58
28 41
22 36
42 36
19 21
43 42
28 38
63 49
16 30
25 39
39 27
54 58
20 33
41 39
50 47
8 26
9 23
1 12
5 11
17 19
61 64
53 51
46 67
26 47
17 34
18 15
58 66
59 40
57 37
52 58
16 5
21 36
34 53
64 50
61 49
63 48
65 46
18 30
4 24
42 31
52 36
2 15
59 54
4 22
47 29
18 25
30 13
30 43
35 45
34 44
25 6
33 29
65 58
62 60
4 14
46 57
48 39
46 38
30 42
18 38
7 24
54 48
19 20
45 64
20 39
54 61
6 25
37 21
6 5
54 42
34 25
32 11
37 56
9 24
18 38
5 3
53 62
56 43
31 35
26 7
40 46
18 37
52 32
56 50
57 42
7 6
62 64
3 11
35 23
1 21
21 1
67 65
50 39
42 55
4 2
18 15
39 54
57 58
24 35
62 51
20 21
64 45
55 45
58 60
59 56
16 13
7 22
29 10
1 22
27 34
43 35
10 13
61 59
30 49
9 22
9 20
10 7
58 53
51 67
15 18
6 4
19 12
40 26
67
32 64 19 9 28 18 10 40 64 7 23 6 54 47 36 50 64 46 33 29 14 24 23 44 43 60 4 60 17 6 22 7 43 51 40 21 8 16 23 54 28 5 37 65 7 41 6 65 39 41 24 66 23 21 41 33 67 3 32 22 57 42 29 47 39 21 18
